# Temperatura_=_20.0
# Concentracion g/m^3_=_10000.0
# C_Vs_to_Am_M_A/Vsm_=_116720831517.84952
# pendiente_HvsI_1/m_=_3716.3
# ordenada_HvsI_A/m_=_1297.0
# frecuencia_Hz_=_309927.80094418116
# Promedio de 35 ciclos

Tiempo_(s)	Campo_(V.s)	Magnetizacion_(V.s)	Campo_(kA/m)	Magnetizacion_(A/m)
0.000000e+00	-2.384327e-09	-3.408613e-10	-1.985681e+01	-3.669997e+01
1.000000e-08	-2.383732e-09	-3.461585e-10	-1.985185e+01	-3.661353e+01
2.000000e-08	-2.382152e-09	-3.488742e-10	-1.983869e+01	-3.653998e+01
3.000000e-08	-2.379428e-09	-3.493593e-10	-1.981601e+01	-3.648378e+01
4.000000e-08	-2.375778e-09	-3.466468e-10	-1.978561e+01	-3.644550e+01
5.000000e-08	-2.371441e-09	-3.365781e-10	-1.974949e+01	-3.642147e+01
6.000000e-08	-2.366365e-09	-3.141536e-10	-1.970722e+01	-3.640398e+01
7.000000e-08	-2.360411e-09	-3.086680e-10	-1.965763e+01	-3.638196e+01
8.000000e-08	-2.353459e-09	-3.773430e-10	-1.959973e+01	-3.634220e+01
9.000000e-08	-2.345431e-09	-4.547840e-10	-1.953288e+01	-3.627092e+01
1.000000e-07	-2.336356e-09	-3.928132e-10	-1.945730e+01	-3.615555e+01
1.100000e-07	-2.326496e-09	-2.228147e-10	-1.937519e+01	-3.598644e+01
1.200000e-07	-2.316002e-09	-2.672656e-10	-1.928779e+01	-3.575847e+01
1.300000e-07	-2.304558e-09	-4.769436e-10	-1.919249e+01	-3.547206e+01
1.400000e-07	-2.292000e-09	-3.716791e-10	-1.908791e+01	-3.513379e+01
1.500000e-07	-2.278601e-09	-1.904328e-10	-1.897632e+01	-3.475617e+01
1.600000e-07	-2.264324e-09	-3.801362e-10	-1.885741e+01	-3.435687e+01
1.700000e-07	-2.248814e-09	-4.471916e-10	-1.872825e+01	-3.395724e+01
1.800000e-07	-2.232258e-09	-2.235167e-10	-1.859037e+01	-3.358037e+01
1.900000e-07	-2.214962e-09	-2.894957e-10	-1.844633e+01	-3.324885e+01
2.000000e-07	-2.196804e-09	-3.987588e-10	-1.829511e+01	-3.298250e+01
2.100000e-07	-2.177818e-09	-2.294430e-10	-1.813699e+01	-3.279625e+01
2.200000e-07	-2.158170e-09	-2.478487e-10	-1.797336e+01	-3.269850e+01
2.300000e-07	-2.137803e-09	-3.314868e-10	-1.780374e+01	-3.269006e+01
2.400000e-07	-2.116722e-09	-1.988045e-10	-1.762818e+01	-3.276382e+01
2.500000e-07	-2.094990e-09	-2.472814e-10	-1.744719e+01	-3.290518e+01
2.600000e-07	-2.072450e-09	-3.593190e-10	-1.725948e+01	-3.309332e+01
2.700000e-07	-2.049078e-09	-2.584658e-10	-1.706484e+01	-3.330291e+01
2.800000e-07	-2.025098e-09	-2.291616e-10	-1.686513e+01	-3.350641e+01
2.900000e-07	-2.000487e-09	-2.481040e-10	-1.666017e+01	-3.367643e+01
3.000000e-07	-1.974947e-09	-2.195192e-10	-1.644747e+01	-3.378815e+01
3.100000e-07	-1.948320e-09	-2.811995e-10	-1.622572e+01	-3.382132e+01
3.200000e-07	-1.920799e-09	-2.618373e-10	-1.599652e+01	-3.376186e+01
3.300000e-07	-1.892678e-09	-1.984141e-10	-1.576232e+01	-3.360273e+01
3.400000e-07	-1.863984e-09	-2.911383e-10	-1.552336e+01	-3.334415e+01
3.500000e-07	-1.834607e-09	-2.890263e-10	-1.527871e+01	-3.299306e+01
3.600000e-07	-1.804562e-09	-1.962685e-10	-1.502849e+01	-3.256200e+01
3.700000e-07	-1.773838e-09	-2.257937e-10	-1.477262e+01	-3.206746e+01
3.800000e-07	-1.742452e-09	-2.311448e-10	-1.451124e+01	-3.152801e+01
3.900000e-07	-1.710594e-09	-2.013766e-10	-1.424592e+01	-3.096233e+01
4.000000e-07	-1.678323e-09	-2.503283e-10	-1.397717e+01	-3.038742e+01
4.100000e-07	-1.645409e-09	-2.528576e-10	-1.370306e+01	-2.981712e+01
4.200000e-07	-1.611575e-09	-2.087457e-10	-1.342128e+01	-2.926109e+01
4.300000e-07	-1.576783e-09	-2.297972e-10	-1.313153e+01	-2.872437e+01
4.400000e-07	-1.541268e-09	-2.300795e-10	-1.283577e+01	-2.820746e+01
4.500000e-07	-1.505311e-09	-1.837720e-10	-1.253632e+01	-2.770688e+01
4.600000e-07	-1.468972e-09	-1.775654e-10	-1.223368e+01	-2.721616e+01
4.700000e-07	-1.432108e-09	-1.961944e-10	-1.192667e+01	-2.672702e+01
4.800000e-07	-1.394647e-09	-2.037218e-10	-1.161470e+01	-2.623067e+01
4.900000e-07	-1.356642e-09	-2.080396e-10	-1.129819e+01	-2.571896e+01
5.000000e-07	-1.318137e-09	-1.923846e-10	-1.097752e+01	-2.518537e+01
5.100000e-07	-1.279148e-09	-1.787372e-10	-1.065282e+01	-2.462568e+01
5.200000e-07	-1.239710e-09	-1.833673e-10	-1.032438e+01	-2.403820e+01
5.300000e-07	-1.199930e-09	-1.668007e-10	-9.993082e+00	-2.342375e+01
5.400000e-07	-1.159876e-09	-1.513323e-10	-9.659516e+00	-2.278520e+01
5.500000e-07	-1.119478e-09	-1.563155e-10	-9.323076e+00	-2.212688e+01
5.600000e-07	-1.078604e-09	-1.579469e-10	-8.982678e+00	-2.145383e+01
5.700000e-07	-1.037133e-09	-1.625382e-10	-8.637304e+00	-2.077098e+01
5.800000e-07	-9.949783e-10	-1.646521e-10	-8.286237e+00	-2.008257e+01
5.900000e-07	-9.521690e-10	-1.432256e-10	-7.929718e+00	-1.939162e+01
6.000000e-07	-9.088462e-10	-1.243513e-10	-7.568924e+00	-1.869970e+01
6.100000e-07	-8.651793e-10	-1.233979e-10	-7.205264e+00	-1.800694e+01
6.200000e-07	-8.213009e-10	-1.211765e-10	-6.839842e+00	-1.731225e+01
6.300000e-07	-7.772692e-10	-1.179323e-10	-6.473143e+00	-1.661374e+01
6.400000e-07	-7.330605e-10	-1.163157e-10	-6.104971e+00	-1.590919e+01
6.500000e-07	-6.886223e-10	-1.130650e-10	-5.734887e+00	-1.519655e+01
6.600000e-07	-6.439406e-10	-1.073180e-10	-5.362776e+00	-1.447436e+01
6.700000e-07	-5.990205e-10	-9.781353e-11	-4.988678e+00	-1.374208e+01
6.800000e-07	-5.538489e-10	-8.385997e-11	-4.612487e+00	-1.300014e+01
6.900000e-07	-5.084266e-10	-7.315612e-11	-4.234208e+00	-1.224991e+01
7.000000e-07	-4.627886e-10	-6.964453e-11	-3.854132e+00	-1.149347e+01
7.100000e-07	-4.169862e-10	-7.108432e-11	-3.472687e+00	-1.073321e+01
7.200000e-07	-3.710674e-10	-7.321271e-11	-3.090273e+00	-9.971454e+00
7.300000e-07	-3.250377e-10	-6.755126e-11	-2.706935e+00	-9.210067e+00
7.400000e-07	-2.788840e-10	-5.746665e-11	-2.322564e+00	-8.450119e+00
7.500000e-07	-2.326248e-10	-4.894277e-11	-1.937315e+00	-7.691722e+00
7.600000e-07	-1.863084e-10	-3.964419e-11	-1.551590e+00	-6.934014e+00
7.700000e-07	-1.399558e-10	-2.867375e-11	-1.165563e+00	-6.175315e+00
7.800000e-07	-9.355429e-11	-2.132136e-11	-7.791282e-01	-5.413423e+00
7.900000e-07	-4.711748e-11	-2.024352e-11	-3.924000e-01	-4.646011e+00
8.000000e-07	-6.553029e-13	-2.226228e-11	-5.460426e-03	-3.871062e+00
8.100000e-07	4.579976e-11	-1.974376e-11	3.814199e-01	-3.087256e+00
8.200000e-07	9.222594e-11	-8.766496e-12	7.680597e-01	-2.294274e+00
8.300000e-07	1.386312e-10	3.506753e-12	1.154525e+00	-1.492942e+00
8.400000e-07	1.849988e-10	1.207493e-11	1.540677e+00	-6.852019e-01
8.500000e-07	2.312939e-10	1.775359e-11	1.926225e+00	1.260920e-01
8.600000e-07	2.774811e-10	2.373016e-11	2.310875e+00	9.375317e-01
8.700000e-07	3.235564e-10	3.057391e-11	2.694593e+00	1.745612e+00
8.800000e-07	3.695444e-10	3.525083e-11	3.077583e+00	2.547220e+00
8.900000e-07	4.154437e-10	3.761576e-11	3.459835e+00	3.340091e+00
9.000000e-07	4.612142e-10	4.298684e-11	3.841014e+00	4.123151e+00
9.100000e-07	5.068008e-10	5.314886e-11	4.220662e+00	4.896694e+00
9.200000e-07	5.521691e-10	6.229149e-11	4.598492e+00	5.662376e+00
9.300000e-07	5.973196e-10	6.705705e-11	4.974507e+00	6.422994e+00
9.400000e-07	6.422139e-10	6.942924e-11	5.348389e+00	7.182103e+00
9.500000e-07	6.867934e-10	7.444618e-11	5.719650e+00	7.943500e+00
9.600000e-07	7.310967e-10	8.269866e-11	6.088610e+00	8.710659e+00
9.700000e-07	7.752199e-10	9.113012e-11	6.456071e+00	9.486188e+00
9.800000e-07	8.192160e-10	9.898376e-11	6.822473e+00	1.027138e+01
9.900000e-07	8.630858e-10	1.067857e-10	7.187823e+00	1.106595e+01
1.000000e-06	9.067644e-10	1.150728e-10	7.551581e+00	1.186795e+01
1.010000e-06	9.501222e-10	1.224167e-10	7.912667e+00	1.267393e+01
1.020000e-06	9.929908e-10	1.267307e-10	8.269679e+00	1.347928e+01
1.030000e-06	1.035208e-09	1.289893e-10	8.621263e+00	1.427876e+01
1.040000e-06	1.076688e-09	1.338533e-10	8.966717e+00	1.506710e+01
1.050000e-06	1.117512e-09	1.426771e-10	9.306697e+00	1.583961e+01
1.060000e-06	1.157868e-09	1.513796e-10	9.642783e+00	1.659272e+01
1.070000e-06	1.197918e-09	1.577145e-10	9.976323e+00	1.732435e+01
1.080000e-06	1.237699e-09	1.630899e-10	1.030762e+01	1.803413e+01
1.090000e-06	1.277109e-09	1.688009e-10	1.063583e+01	1.872333e+01
1.100000e-06	1.316041e-09	1.743302e-10	1.096006e+01	1.939459e+01
1.110000e-06	1.354485e-09	1.788948e-10	1.128023e+01	2.005153e+01
1.120000e-06	1.392457e-09	1.830024e-10	1.159646e+01	2.069808e+01
1.130000e-06	1.429905e-09	1.887376e-10	1.190833e+01	2.133798e+01
1.140000e-06	1.466795e-09	1.961793e-10	1.221555e+01	2.197412e+01
1.150000e-06	1.503199e-09	2.026462e-10	1.251872e+01	2.260817e+01
1.160000e-06	1.539228e-09	2.066476e-10	1.281878e+01	2.324028e+01
1.170000e-06	1.574876e-09	2.100321e-10	1.311565e+01	2.386906e+01
1.180000e-06	1.609922e-09	2.149187e-10	1.340752e+01	2.449181e+01
1.190000e-06	1.644105e-09	2.209797e-10	1.369220e+01	2.510488e+01
1.200000e-06	1.677347e-09	2.265072e-10	1.396903e+01	2.570420e+01
1.210000e-06	1.709824e-09	2.307047e-10	1.423950e+01	2.628593e+01
1.220000e-06	1.741768e-09	2.351835e-10	1.450554e+01	2.684698e+01
1.230000e-06	1.773202e-09	2.402972e-10	1.476732e+01	2.738551e+01
1.240000e-06	1.804008e-09	2.446607e-10	1.502388e+01	2.790120e+01
1.250000e-06	1.834157e-09	2.474348e-10	1.527495e+01	2.839530e+01
1.260000e-06	1.863622e-09	2.499801e-10	1.552034e+01	2.887047e+01
1.270000e-06	1.892386e-09	2.538298e-10	1.575989e+01	2.933038e+01
1.280000e-06	1.920586e-09	2.585578e-10	1.599474e+01	2.977913e+01
1.290000e-06	1.948287e-09	2.637079e-10	1.622543e+01	3.022066e+01
1.300000e-06	1.975237e-09	2.687505e-10	1.644988e+01	3.065808e+01
1.310000e-06	2.001117e-09	2.731055e-10	1.666541e+01	3.109319e+01
1.320000e-06	2.025953e-09	2.760245e-10	1.687224e+01	3.152610e+01
1.330000e-06	2.049991e-09	2.769650e-10	1.707244e+01	3.195514e+01
1.340000e-06	2.073325e-09	2.765857e-10	1.726676e+01	3.237701e+01
1.350000e-06	2.095913e-09	2.777035e-10	1.745488e+01	3.278723e+01
1.360000e-06	2.117752e-09	2.823972e-10	1.763675e+01	3.318065e+01
1.370000e-06	2.138839e-09	2.881532e-10	1.781237e+01	3.355224e+01
1.380000e-06	2.159234e-09	2.914344e-10	1.798221e+01	3.389775e+01
1.390000e-06	2.179030e-09	2.922009e-10	1.814708e+01	3.421439e+01
1.400000e-06	2.198096e-09	2.926333e-10	1.830586e+01	3.450121e+01
1.410000e-06	2.216222e-09	2.936372e-10	1.845681e+01	3.475935e+01
1.420000e-06	2.233451e-09	2.949244e-10	1.860030e+01	3.499189e+01
1.430000e-06	2.249877e-09	2.963840e-10	1.873710e+01	3.520348e+01
1.440000e-06	2.265385e-09	2.989901e-10	1.886625e+01	3.539968e+01
1.450000e-06	2.279917e-09	3.036720e-10	1.898727e+01	3.558620e+01
1.460000e-06	2.293568e-09	3.087369e-10	1.910096e+01	3.576803e+01
1.470000e-06	2.306367e-09	3.115051e-10	1.920755e+01	3.594866e+01
1.480000e-06	2.318284e-09	3.121020e-10	1.930679e+01	3.612952e+01
1.490000e-06	2.329158e-09	3.124115e-10	1.939736e+01	3.630965e+01
1.500000e-06	2.338827e-09	3.135071e-10	1.947788e+01	3.648570e+01
1.510000e-06	2.347436e-09	3.148377e-10	1.954957e+01	3.665237e+01
1.520000e-06	2.355216e-09	3.157079e-10	1.961437e+01	3.680298e+01
1.530000e-06	2.362192e-09	3.164221e-10	1.967247e+01	3.693050e+01
1.540000e-06	2.368309e-09	3.175457e-10	1.972340e+01	3.702849e+01
1.550000e-06	2.373552e-09	3.184542e-10	1.976707e+01	3.709213e+01
1.560000e-06	2.378014e-09	3.182536e-10	1.980423e+01	3.711904e+01
1.570000e-06	2.381762e-09	3.178754e-10	1.983544e+01	3.710982e+01
1.580000e-06	2.384591e-09	3.186753e-10	1.985900e+01	3.706821e+01
1.590000e-06	2.386256e-09	3.197846e-10	1.987287e+01	3.700077e+01
1.600000e-06	2.386871e-09	3.199775e-10	1.987799e+01	3.691625e+01
1.610000e-06	2.386679e-09	3.184072e-10	1.987639e+01	3.682449e+01
1.620000e-06	2.385729e-09	3.148544e-10	1.986848e+01	3.673521e+01
1.630000e-06	2.384013e-09	3.124369e-10	1.985419e+01	3.665663e+01
1.640000e-06	2.381521e-09	3.114220e-10	1.983344e+01	3.659430e+01
1.650000e-06	2.378289e-09	3.102685e-10	1.980652e+01	3.655012e+01
1.660000e-06	2.374434e-09	3.145308e-10	1.977441e+01	3.652183e+01
1.670000e-06	2.369913e-09	3.375899e-10	1.973677e+01	3.650299e+01
1.680000e-06	2.364492e-09	3.390124e-10	1.969162e+01	3.648352e+01
1.690000e-06	2.357975e-09	2.478718e-10	1.963735e+01	3.645077e+01
1.700000e-06	2.350306e-09	1.769597e-10	1.957348e+01	3.639098e+01
1.710000e-06	2.341469e-09	2.865976e-10	1.949988e+01	3.629097e+01
1.720000e-06	2.331670e-09	4.311742e-10	1.941827e+01	3.613999e+01
1.730000e-06	2.321362e-09	3.095035e-10	1.933243e+01	3.593129e+01
1.740000e-06	2.310570e-09	1.672585e-10	1.924256e+01	3.566338e+01
1.750000e-06	2.298765e-09	3.502986e-10	1.914424e+01	3.534082e+01
1.760000e-06	2.285762e-09	4.057053e-10	1.903595e+01	3.497422e+01
1.770000e-06	2.271815e-09	1.703010e-10	1.891980e+01	3.457971e+01
1.780000e-06	2.256899e-09	2.465619e-10	1.879558e+01	3.417759e+01
1.790000e-06	2.241027e-09	4.576762e-10	1.866340e+01	3.379062e+01
1.800000e-06	2.224445e-09	2.698315e-10	1.852530e+01	3.344178e+01
1.810000e-06	2.207039e-09	1.883543e-10	1.838035e+01	3.315205e+01
1.820000e-06	2.188624e-09	3.692830e-10	1.822698e+01	3.293814e+01
1.830000e-06	2.169454e-09	2.893004e-10	1.806733e+01	3.281075e+01
1.840000e-06	2.149693e-09	2.539031e-10	1.790276e+01	3.277324e+01
1.850000e-06	2.129143e-09	3.896286e-10	1.773162e+01	3.282107e+01
1.860000e-06	2.107676e-09	2.597895e-10	1.755284e+01	3.294202e+01
1.870000e-06	2.085233e-09	2.079205e-10	1.736593e+01	3.311713e+01
1.880000e-06	2.061864e-09	3.274403e-10	1.717131e+01	3.332234e+01
1.890000e-06	2.037770e-09	2.744740e-10	1.697066e+01	3.353059e+01
1.900000e-06	2.012941e-09	3.272070e-10	1.676389e+01	3.371417e+01
1.910000e-06	1.987364e-09	3.741646e-10	1.655088e+01	3.384720e+01
1.920000e-06	1.961149e-09	2.394671e-10	1.633256e+01	3.390772e+01
1.930000e-06	1.934237e-09	3.230552e-10	1.610844e+01	3.387952e+01
1.940000e-06	1.906651e-09	3.568016e-10	1.587869e+01	3.375319e+01
1.950000e-06	1.878484e-09	2.091733e-10	1.564412e+01	3.352660e+01
1.960000e-06	1.849507e-09	3.051373e-10	1.540280e+01	3.320458e+01
1.970000e-06	1.819513e-09	3.484356e-10	1.515301e+01	3.279797e+01
1.980000e-06	1.788622e-09	2.547518e-10	1.489575e+01	3.232215e+01
1.990000e-06	1.757043e-09	3.144615e-10	1.463276e+01	3.179523e+01
2.000000e-06	1.724918e-09	2.995970e-10	1.436521e+01	3.123606e+01
2.010000e-06	1.692237e-09	2.302480e-10	1.409304e+01	3.066235e+01
2.020000e-06	1.658925e-09	2.622407e-10	1.381562e+01	3.008911e+01
2.030000e-06	1.625011e-09	2.565171e-10	1.353318e+01	2.952744e+01
2.040000e-06	1.590507e-09	2.366105e-10	1.324583e+01	2.898393e+01
2.050000e-06	1.555409e-09	2.553505e-10	1.295353e+01	2.846052e+01
2.060000e-06	1.519842e-09	2.707545e-10	1.265733e+01	2.795495e+01
2.070000e-06	1.483913e-09	2.615565e-10	1.235811e+01	2.746161e+01
2.080000e-06	1.447497e-09	2.312690e-10	1.205484e+01	2.697269e+01
2.090000e-06	1.410323e-09	2.139230e-10	1.174525e+01	2.647943e+01
2.100000e-06	1.372275e-09	2.060083e-10	1.142838e+01	2.597335e+01
2.110000e-06	1.333456e-09	2.186545e-10	1.110510e+01	2.544733e+01
2.120000e-06	1.294074e-09	2.224595e-10	1.077712e+01	2.489632e+01
2.130000e-06	1.254329e-09	2.042317e-10	1.044613e+01	2.431780e+01
2.140000e-06	1.214272e-09	2.202291e-10	1.011253e+01	2.371181e+01
2.150000e-06	1.173830e-09	2.099185e-10	9.775727e+00	2.308058e+01
2.160000e-06	1.132928e-09	1.855869e-10	9.435086e+00	2.242806e+01
2.170000e-06	1.091580e-09	1.916501e-10	9.090738e+00	2.175911e+01
2.180000e-06	1.049880e-09	1.692132e-10	8.743461e+00	2.107880e+01
2.190000e-06	1.007855e-09	1.633163e-10	8.393478e+00	2.039163e+01
2.200000e-06	9.654496e-10	1.809727e-10	8.040320e+00	1.970108e+01
2.210000e-06	9.226096e-10	1.759805e-10	7.683547e+00	1.900919e+01
2.220000e-06	8.793677e-10	1.713520e-10	7.323426e+00	1.831656e+01
2.230000e-06	8.358471e-10	1.568686e-10	6.960984e+00	1.762247e+01
2.240000e-06	7.921600e-10	1.383529e-10	6.597155e+00	1.692524e+01
2.250000e-06	7.483512e-10	1.316707e-10	6.232312e+00	1.622270e+01
2.260000e-06	7.044040e-10	1.238211e-10	5.866317e+00	1.551269e+01
2.270000e-06	6.602686e-10	1.198008e-10	5.498756e+00	1.479355e+01
2.280000e-06	6.159235e-10	1.185831e-10	5.129447e+00	1.406438e+01
2.290000e-06	5.713617e-10	1.181435e-10	4.758334e+00	1.332532e+01
2.300000e-06	5.265549e-10	1.138443e-10	4.385181e+00	1.257743e+01
2.310000e-06	4.814815e-10	1.038648e-10	4.009807e+00	1.182259e+01
2.320000e-06	4.361591e-10	9.099169e-11	3.632360e+00	1.106314e+01
2.330000e-06	3.906144e-10	7.596476e-11	3.253061e+00	1.030146e+01
2.340000e-06	3.448796e-10	7.232255e-11	2.872180e+00	9.539597e+00
2.350000e-06	2.990129e-10	7.028632e-11	2.490199e+00	8.778915e+00
2.360000e-06	2.530346e-10	6.293529e-11	2.107289e+00	8.019848e+00
2.370000e-06	2.069382e-10	6.054338e-11	1.723396e+00	7.261845e+00
2.380000e-06	1.607843e-10	5.617372e-11	1.339024e+00	6.503468e+00
2.390000e-06	1.146040e-10	4.837205e-11	9.544321e-01	5.742649e+00
2.400000e-06	6.837856e-11	3.600462e-11	5.694638e-01	4.977061e+00
2.410000e-06	2.214220e-11	2.051556e-11	1.844048e-01	4.204540e+00
2.420000e-06	-2.408551e-11	1.398584e-11	-2.005821e-01	3.423502e+00
2.430000e-06	-7.029149e-11	1.399979e-11	-5.853881e-01	2.633279e+00
2.440000e-06	-1.164688e-10	1.112677e-11	-9.699553e-01	1.834316e+00
2.450000e-06	-1.626352e-10	2.971865e-12	-1.354432e+00	1.028203e+00
2.460000e-06	-2.087623e-10	-8.288531e-12	-1.738580e+00	2.175247e-01
2.470000e-06	-2.548052e-10	-1.637769e-11	-2.122029e+00	-5.944474e-01
2.480000e-06	-3.007337e-10	-2.139192e-11	-2.504523e+00	-1.404190e+00
2.490000e-06	-3.465331e-10	-2.956849e-11	-2.885944e+00	-2.208412e+00
2.500000e-06	-3.922047e-10	-3.844771e-11	-3.266299e+00	-3.004529e+00
2.510000e-06	-4.377214e-10	-4.314179e-11	-3.645365e+00	-3.791050e+00
2.520000e-06	-4.830285e-10	-4.659938e-11	-4.022684e+00	-4.567812e+00
2.530000e-06	-5.280865e-10	-5.331761e-11	-4.397930e+00	-5.336038e+00
2.540000e-06	-5.728837e-10	-6.382768e-11	-4.771004e+00	-6.098183e+00
2.550000e-06	-6.174065e-10	-7.473425e-11	-5.141792e+00	-6.857603e+00
2.560000e-06	-6.616532e-10	-8.141735e-11	-5.510281e+00	-7.618072e+00
2.570000e-06	-7.056784e-10	-8.518830e-11	-5.876925e+00	-8.383228e+00
2.580000e-06	-7.495601e-10	-8.988244e-11	-6.242374e+00	-9.156015e+00
2.590000e-06	-7.933333e-10	-9.544227e-11	-6.606920e+00	-9.938196e+00
2.600000e-06	-8.369706e-10	-1.016607e-10	-6.970334e+00	-1.073002e+01
2.610000e-06	-8.803962e-10	-1.088387e-10	-7.331985e+00	-1.153007e+01
2.620000e-06	-9.235025e-10	-1.172104e-10	-7.690977e+00	-1.233536e+01
2.630000e-06	-9.662153e-10	-1.276115e-10	-8.046691e+00	-1.314162e+01
2.640000e-06	-1.008536e-09	-1.373806e-10	-8.399141e+00	-1.394377e+01
2.650000e-06	-1.050503e-09	-1.421519e-10	-8.748647e+00	-1.473647e+01
2.660000e-06	-1.092128e-09	-1.446502e-10	-9.095300e+00	-1.551478e+01
2.670000e-06	-1.133360e-09	-1.496899e-10	-9.438680e+00	-1.627472e+01
2.680000e-06	-1.174136e-09	-1.576702e-10	-9.778270e+00	-1.701369e+01
2.690000e-06	-1.214464e-09	-1.663227e-10	-1.011412e+01	-1.773075e+01
2.700000e-06	-1.254430e-09	-1.732136e-10	-1.044696e+01	-1.842665e+01
2.710000e-06	-1.294097e-09	-1.797822e-10	-1.077730e+01	-1.910364e+01
2.720000e-06	-1.333391e-09	-1.872161e-10	-1.110455e+01	-1.976504e+01
2.730000e-06	-1.372135e-09	-1.940074e-10	-1.142722e+01	-2.041478e+01
2.740000e-06	-1.410125e-09	-1.995420e-10	-1.174359e+01	-2.105669e+01
2.750000e-06	-1.447276e-09	-2.037418e-10	-1.205299e+01	-2.169401e+01
2.760000e-06	-1.483721e-09	-2.079178e-10	-1.235651e+01	-2.232885e+01
2.770000e-06	-1.519679e-09	-2.143284e-10	-1.265597e+01	-2.296185e+01
2.780000e-06	-1.555236e-09	-2.216508e-10	-1.295209e+01	-2.359214e+01
2.790000e-06	-1.590278e-09	-2.274947e-10	-1.324392e+01	-2.421740e+01
2.800000e-06	-1.624711e-09	-2.323788e-10	-1.353068e+01	-2.483423e+01
2.810000e-06	-1.658544e-09	-2.365321e-10	-1.381244e+01	-2.543867e+01
2.820000e-06	-1.691763e-09	-2.404670e-10	-1.408909e+01	-2.602671e+01
2.830000e-06	-1.724358e-09	-2.449395e-10	-1.436054e+01	-2.659498e+01
2.840000e-06	-1.756409e-09	-2.496298e-10	-1.462747e+01	-2.714119e+01
2.850000e-06	-1.787934e-09	-2.545590e-10	-1.489001e+01	-2.766449e+01
2.860000e-06	-1.818712e-09	-2.605820e-10	-1.514633e+01	-2.816563e+01
2.870000e-06	-1.848493e-09	-2.661756e-10	-1.539435e+01	-2.864685e+01
2.880000e-06	-1.877290e-09	-2.692097e-10	-1.563417e+01	-2.911152e+01
2.890000e-06	-1.905367e-09	-2.712931e-10	-1.586800e+01	-2.956368e+01
2.900000e-06	-1.932898e-09	-2.736966e-10	-1.609727e+01	-3.000739e+01
2.910000e-06	-1.959785e-09	-2.769211e-10	-1.632120e+01	-3.044610e+01
2.920000e-06	-1.985925e-09	-2.814310e-10	-1.653889e+01	-3.088206e+01
2.930000e-06	-2.011296e-09	-2.873215e-10	-1.675018e+01	-3.131597e+01
2.940000e-06	-2.035919e-09	-2.935337e-10	-1.695524e+01	-3.174674e+01
2.950000e-06	-2.059926e-09	-2.995085e-10	-1.715517e+01	-3.217158e+01
2.960000e-06	-2.083331e-09	-3.037509e-10	-1.735009e+01	-3.258633e+01
2.970000e-06	-2.105862e-09	-3.058633e-10	-1.753773e+01	-3.298599e+01
2.980000e-06	-2.127285e-09	-3.064627e-10	-1.771615e+01	-3.336543e+01
2.990000e-06	-2.147737e-09	-3.070097e-10	-1.788647e+01	-3.372006e+01
3.000000e-06	-2.167490e-09	-3.101346e-10	-1.805097e+01	-3.404656e+01
3.010000e-06	-2.186572e-09	-3.154122e-10	-1.820989e+01	-3.434333e+01
3.020000e-06	-2.204892e-09	-3.210776e-10	-1.836246e+01	-3.461084e+01
3.030000e-06	-2.222418e-09	-3.257735e-10	-1.850842e+01	-3.485156e+01
3.040000e-06	-2.239158e-09	-3.296981e-10	-1.864783e+01	-3.506967e+01
3.050000e-06	-2.255190e-09	-3.311674e-10	-1.878134e+01	-3.527052e+01
3.060000e-06	-2.270438e-09	-3.301433e-10	-1.890833e+01	-3.545984e+01
3.070000e-06	-2.284577e-09	-3.286499e-10	-1.902608e+01	-3.564296e+01
3.080000e-06	-2.297481e-09	-3.282527e-10	-1.913354e+01	-3.582392e+01
3.090000e-06	-2.309344e-09	-3.294559e-10	-1.923234e+01	-3.600489e+01
3.100000e-06	-2.320323e-09	-3.322763e-10	-1.932378e+01	-3.618569e+01
3.110000e-06	-2.330459e-09	-3.354909e-10	-1.940819e+01	-3.636375e+01
3.120000e-06	-2.339750e-09	-3.371757e-10	-1.948557e+01	-3.653433e+01
3.130000e-06	-2.348240e-09	-3.372572e-10	-1.955627e+01	-3.669113e+01
3.140000e-06	-2.355995e-09	-3.371632e-10	-1.962086e+01	-3.682714e+01
3.150000e-06	-2.362872e-09	-3.379184e-10	-1.967812e+01	-3.693560e+01
3.160000e-06	-2.368604e-09	-3.387828e-10	-1.972586e+01	-3.701108e+01
3.170000e-06	-2.373248e-09	-3.394529e-10	-1.976454e+01	-3.705032e+01
3.180000e-06	-2.377065e-09	-3.398470e-10	-1.979632e+01	-3.705292e+01
3.190000e-06	-2.380117e-09	-3.386595e-10	-1.982175e+01	-3.702159e+01
3.200000e-06	-2.382359e-09	-3.360182e-10	-1.984041e+01	-3.696201e+01
3.210000e-06	-2.383751e-09	-3.344399e-10	-1.985201e+01	-3.688232e+01
3.220000e-06	-2.384326e-09	-3.359006e-10	-1.985679e+01	-3.679211e+01
