# Temperatura_=_20.0
# Concentracion g/m^3_=_10000.0
# C_Vs_to_Am_M_A/Vsm_=_116720831517.84952
# pendiente_HvsI_1/m_=_3716.3
# ordenada_HvsI_A/m_=_1297.0
# frecuencia_Hz_=_310010.7814532485
# Promedio de 35 ciclos

Tiempo_(s)	Campo_(V.s)	Magnetizacion_(V.s)	Campo_(kA/m)	Magnetizacion_(A/m)
0.000000e+00	-2.362675e-09	-2.169760e-09	-1.984933e+01	-2.386608e+02
1.000000e-08	-2.362280e-09	-2.173156e-09	-1.984601e+01	-2.386513e+02
2.000000e-08	-2.360985e-09	-2.174803e-09	-1.983513e+01	-2.385831e+02
3.000000e-08	-2.358490e-09	-2.176390e-09	-1.981417e+01	-2.384580e+02
4.000000e-08	-2.354991e-09	-2.175690e-09	-1.978477e+01	-2.382768e+02
5.000000e-08	-2.350809e-09	-2.171470e-09	-1.974964e+01	-2.380384e+02
6.000000e-08	-2.345943e-09	-2.160279e-09	-1.970876e+01	-2.377413e+02
7.000000e-08	-2.340233e-09	-2.156651e-09	-1.966079e+01	-2.373830e+02
8.000000e-08	-2.333542e-09	-2.200292e-09	-1.960458e+01	-2.369614e+02
9.000000e-08	-2.325768e-09	-2.234189e-09	-1.953927e+01	-2.364750e+02
1.000000e-07	-2.316918e-09	-2.187231e-09	-1.946492e+01	-2.359233e+02
1.100000e-07	-2.307253e-09	-2.073113e-09	-1.938371e+01	-2.353069e+02
1.200000e-07	-2.297061e-09	-2.098902e-09	-1.929810e+01	-2.346281e+02
1.300000e-07	-2.286052e-09	-2.213536e-09	-1.920560e+01	-2.338898e+02
1.400000e-07	-2.273843e-09	-2.098364e-09	-1.910303e+01	-2.330961e+02
1.500000e-07	-2.260709e-09	-1.992483e-09	-1.899269e+01	-2.322507e+02
1.600000e-07	-2.246851e-09	-2.124577e-09	-1.887627e+01	-2.313573e+02
1.700000e-07	-2.231827e-09	-2.085174e-09	-1.875005e+01	-2.304178e+02
1.800000e-07	-2.215610e-09	-1.870913e-09	-1.861381e+01	-2.294325e+02
1.900000e-07	-2.198644e-09	-1.938071e-09	-1.847127e+01	-2.283996e+02
2.000000e-07	-2.180858e-09	-1.966249e-09	-1.832185e+01	-2.273147e+02
2.100000e-07	-2.162187e-09	-1.778553e-09	-1.816498e+01	-2.261712e+02
2.200000e-07	-2.142839e-09	-1.836395e-09	-1.800244e+01	-2.249603e+02
2.300000e-07	-2.122791e-09	-1.911325e-09	-1.783401e+01	-2.236725e+02
2.400000e-07	-2.102012e-09	-1.770178e-09	-1.765944e+01	-2.222975e+02
2.500000e-07	-2.080620e-09	-1.806130e-09	-1.747972e+01	-2.208256e+02
2.600000e-07	-2.058480e-09	-1.859193e-09	-1.729372e+01	-2.192487e+02
2.700000e-07	-2.035430e-09	-1.716743e-09	-1.710007e+01	-2.175607e+02
2.800000e-07	-2.011691e-09	-1.695102e-09	-1.690064e+01	-2.157585e+02
2.900000e-07	-1.987431e-09	-1.736666e-09	-1.669682e+01	-2.138420e+02
3.000000e-07	-1.962439e-09	-1.695171e-09	-1.648686e+01	-2.118145e+02
3.100000e-07	-1.936386e-09	-1.699514e-09	-1.626798e+01	-2.096816e+02
3.200000e-07	-1.909244e-09	-1.686068e-09	-1.603996e+01	-2.074513e+02
3.300000e-07	-1.881384e-09	-1.632762e-09	-1.580590e+01	-2.051329e+02
3.400000e-07	-1.853031e-09	-1.644972e-09	-1.556770e+01	-2.027360e+02
3.500000e-07	-1.824049e-09	-1.617289e-09	-1.532421e+01	-2.002696e+02
3.600000e-07	-1.794378e-09	-1.560435e-09	-1.507494e+01	-1.977412e+02
3.700000e-07	-1.764044e-09	-1.562392e-09	-1.482010e+01	-1.951565e+02
3.800000e-07	-1.733009e-09	-1.554916e-09	-1.455936e+01	-1.925185e+02
3.900000e-07	-1.701385e-09	-1.535057e-09	-1.429369e+01	-1.898280e+02
4.000000e-07	-1.669379e-09	-1.519467e-09	-1.402480e+01	-1.870835e+02
4.100000e-07	-1.636940e-09	-1.481711e-09	-1.375228e+01	-1.842817e+02
4.200000e-07	-1.603772e-09	-1.441851e-09	-1.347362e+01	-1.814186e+02
4.300000e-07	-1.569619e-09	-1.433467e-09	-1.318669e+01	-1.784896e+02
4.400000e-07	-1.534527e-09	-1.411975e-09	-1.289188e+01	-1.754909e+02
4.500000e-07	-1.498820e-09	-1.372840e-09	-1.259190e+01	-1.724196e+02
4.600000e-07	-1.462775e-09	-1.355952e-09	-1.228907e+01	-1.692745e+02
4.700000e-07	-1.426354e-09	-1.346334e-09	-1.198309e+01	-1.660560e+02
4.800000e-07	-1.389352e-09	-1.317200e-09	-1.167223e+01	-1.627663e+02
4.900000e-07	-1.351753e-09	-1.278806e-09	-1.135635e+01	-1.594089e+02
5.000000e-07	-1.313658e-09	-1.241498e-09	-1.103631e+01	-1.559878e+02
5.100000e-07	-1.275097e-09	-1.209769e-09	-1.071235e+01	-1.525077e+02
5.200000e-07	-1.236046e-09	-1.191787e-09	-1.038428e+01	-1.489724e+02
5.300000e-07	-1.196524e-09	-1.164204e-09	-1.005225e+01	-1.453848e+02
5.400000e-07	-1.156678e-09	-1.133556e-09	-9.717490e+00	-1.417464e+02
5.500000e-07	-1.116609e-09	-1.107612e-09	-9.380863e+00	-1.380571e+02
5.600000e-07	-1.076250e-09	-1.078950e-09	-9.041798e+00	-1.343152e+02
5.700000e-07	-1.035439e-09	-1.046571e-09	-8.698932e+00	-1.305177e+02
5.800000e-07	-9.940316e-10	-1.006095e-09	-8.351061e+00	-1.266612e+02
5.900000e-07	-9.519547e-10	-9.660918e-10	-7.997564e+00	-1.227420e+02
6.000000e-07	-9.092287e-10	-9.340824e-10	-7.638614e+00	-1.187574e+02
6.100000e-07	-8.659771e-10	-9.064544e-10	-7.275248e+00	-1.147059e+02
6.200000e-07	-8.223604e-10	-8.724768e-10	-6.908815e+00	-1.105879e+02
6.300000e-07	-7.785289e-10	-8.359421e-10	-6.540577e+00	-1.064060e+02
6.400000e-07	-7.345587e-10	-8.011606e-10	-6.171175e+00	-1.021650e+02
6.500000e-07	-6.904393e-10	-7.686296e-10	-5.800518e+00	-9.787142e+01
6.600000e-07	-6.461476e-10	-7.332566e-10	-5.428414e+00	-9.353349e+01
6.700000e-07	-6.016630e-10	-6.944617e-10	-5.054689e+00	-8.915989e+01
6.800000e-07	-5.569698e-10	-6.571617e-10	-4.679212e+00	-8.475923e+01
6.900000e-07	-5.120315e-10	-6.202978e-10	-4.301677e+00	-8.033910e+01
7.000000e-07	-4.668194e-10	-5.847247e-10	-3.921840e+00	-7.590537e+01
7.100000e-07	-4.214028e-10	-5.479265e-10	-3.540286e+00	-7.146166e+01
7.200000e-07	-3.758784e-10	-5.100934e-10	-3.157825e+00	-6.700900e+01
7.300000e-07	-3.302379e-10	-4.710505e-10	-2.774390e+00	-6.254592e+01
7.400000e-07	-2.844562e-10	-4.343624e-10	-2.389768e+00	-5.806870e+01
7.500000e-07	-2.385551e-10	-3.973167e-10	-2.004143e+00	-5.357198e+01
7.600000e-07	-1.925779e-10	-3.573758e-10	-1.617879e+00	-4.904949e+01
7.700000e-07	-1.465763e-10	-3.167788e-10	-1.231410e+00	-4.449495e+01
7.800000e-07	-1.005479e-10	-2.747284e-10	-8.447155e-01	-3.990287e+01
7.900000e-07	-5.446750e-11	-2.347191e-10	-4.575844e-01	-3.526929e+01
8.000000e-07	-8.355984e-12	-1.951669e-10	-7.019178e-02	-3.059231e+01
8.100000e-07	3.774431e-11	-1.544719e-10	3.171065e-01	-2.587235e+01
8.200000e-07	8.381800e-11	-1.132856e-10	7.041814e-01	-2.111208e+01
8.300000e-07	1.298718e-10	-7.415367e-11	1.091089e+00	-1.631613e+01
8.400000e-07	1.759091e-10	-3.536599e-11	1.477858e+00	-1.149050e+01
8.500000e-07	2.218971e-10	4.602603e-12	1.864213e+00	-6.641840e+00
8.600000e-07	2.677944e-10	4.528294e-11	2.249806e+00	-1.776685e+00
8.700000e-07	3.135992e-10	8.765988e-11	2.634621e+00	3.099324e+00
8.800000e-07	3.593233e-10	1.286917e-10	3.018760e+00	7.982046e+00
8.900000e-07	4.049432e-10	1.687701e-10	3.402022e+00	1.286924e+01
9.000000e-07	4.504028e-10	2.090948e-10	3.783937e+00	1.776069e+01
9.100000e-07	4.956522e-10	2.491158e-10	4.164087e+00	2.265808e+01
9.200000e-07	5.406652e-10	2.890450e-10	4.542250e+00	2.756459e+01
9.300000e-07	5.854192e-10	3.302497e-10	4.918238e+00	3.248425e+01
9.400000e-07	6.299174e-10	3.711831e-10	5.292077e+00	3.742124e+01
9.500000e-07	6.741943e-10	4.133292e-10	5.664057e+00	4.237911e+01
9.600000e-07	7.182991e-10	4.563209e-10	6.034590e+00	4.736005e+01
9.700000e-07	7.622890e-10	4.957859e-10	6.404159e+00	5.236439e+01
9.800000e-07	8.061729e-10	5.329607e-10	6.772837e+00	5.739020e+01
9.900000e-07	8.498970e-10	5.706834e-10	7.140172e+00	6.243329e+01
1.000000e-06	8.933427e-10	6.115037e-10	7.505169e+00	6.748733e+01
1.010000e-06	9.363397e-10	6.548230e-10	7.866395e+00	7.254428e+01
1.020000e-06	9.787250e-10	6.982292e-10	8.222483e+00	7.759503e+01
1.030000e-06	1.020415e-09	7.404494e-10	8.572733e+00	8.263001e+01
1.040000e-06	1.061433e-09	7.825108e-10	8.917326e+00	8.763994e+01
1.050000e-06	1.101915e-09	8.232602e-10	9.257431e+00	9.261643e+01
1.060000e-06	1.142062e-09	8.610572e-10	9.594707e+00	9.755240e+01
1.070000e-06	1.181975e-09	8.976798e-10	9.930032e+00	1.024424e+02
1.080000e-06	1.221614e-09	9.345801e-10	1.026304e+01	1.072826e+02
1.090000e-06	1.260851e-09	9.732714e-10	1.059268e+01	1.120707e+02
1.100000e-06	1.299590e-09	1.012156e-09	1.091814e+01	1.168052e+02
1.110000e-06	1.337823e-09	1.049954e-09	1.123934e+01	1.214855e+02
1.120000e-06	1.375558e-09	1.086960e-09	1.155636e+01	1.261108e+02
1.130000e-06	1.412758e-09	1.122912e-09	1.186888e+01	1.306799e+02
1.140000e-06	1.449420e-09	1.157876e-09	1.217689e+01	1.351906e+02
1.150000e-06	1.485654e-09	1.192140e-09	1.248130e+01	1.396398e+02
1.160000e-06	1.521567e-09	1.225589e-09	1.278301e+01	1.440227e+02
1.170000e-06	1.557070e-09	1.257526e-09	1.308128e+01	1.483337e+02
1.180000e-06	1.591907e-09	1.289936e-09	1.337396e+01	1.525662e+02
1.190000e-06	1.625842e-09	1.322387e-09	1.365905e+01	1.567133e+02
1.200000e-06	1.658847e-09	1.353937e-09	1.393633e+01	1.607681e+02
1.210000e-06	1.691158e-09	1.385413e-09	1.420778e+01	1.647240e+02
1.220000e-06	1.722992e-09	1.417540e-09	1.447522e+01	1.685758e+02
1.230000e-06	1.754296e-09	1.449610e-09	1.473821e+01	1.723192e+02
1.240000e-06	1.784946e-09	1.479113e-09	1.499572e+01	1.759515e+02
1.250000e-06	1.814944e-09	1.505006e-09	1.524773e+01	1.794716e+02
1.260000e-06	1.844248e-09	1.528561e-09	1.549392e+01	1.828792e+02
1.270000e-06	1.872864e-09	1.552207e-09	1.573433e+01	1.861755e+02
1.280000e-06	1.900977e-09	1.576363e-09	1.597051e+01	1.893620e+02
1.290000e-06	1.928601e-09	1.600723e-09	1.620259e+01	1.924405e+02
1.300000e-06	1.955400e-09	1.624793e-09	1.642773e+01	1.954128e+02
1.310000e-06	1.981077e-09	1.648869e-09	1.664345e+01	1.982802e+02
1.320000e-06	2.005741e-09	1.672174e-09	1.685065e+01	2.010434e+02
1.330000e-06	2.029668e-09	1.691718e-09	1.705167e+01	2.037030e+02
1.340000e-06	2.052895e-09	1.707857e-09	1.724681e+01	2.062587e+02
1.350000e-06	2.075369e-09	1.723315e-09	1.743562e+01	2.087104e+02
1.360000e-06	2.097109e-09	1.740381e-09	1.761826e+01	2.110578e+02
1.370000e-06	2.118085e-09	1.757566e-09	1.779449e+01	2.133012e+02
1.380000e-06	2.138398e-09	1.773708e-09	1.796514e+01	2.154413e+02
1.390000e-06	2.158152e-09	1.789753e-09	1.813110e+01	2.174795e+02
1.400000e-06	2.177149e-09	1.806400e-09	1.829069e+01	2.194181e+02
1.410000e-06	2.195180e-09	1.823380e-09	1.844217e+01	2.212599e+02
1.420000e-06	2.212327e-09	1.838428e-09	1.858623e+01	2.230080e+02
1.430000e-06	2.228683e-09	1.850158e-09	1.872364e+01	2.246656e+02
1.440000e-06	2.244118e-09	1.859589e-09	1.885331e+01	2.262356e+02
1.450000e-06	2.258601e-09	1.869418e-09	1.897498e+01	2.277201e+02
1.460000e-06	2.272236e-09	1.879495e-09	1.908954e+01	2.291202e+02
1.470000e-06	2.285028e-09	1.889052e-09	1.919700e+01	2.304362e+02
1.480000e-06	2.296961e-09	1.898963e-09	1.929726e+01	2.316670e+02
1.490000e-06	2.307876e-09	1.909448e-09	1.938895e+01	2.328104e+02
1.500000e-06	2.317551e-09	1.919651e-09	1.947024e+01	2.338638e+02
1.510000e-06	2.326153e-09	1.928428e-09	1.954251e+01	2.348243e+02
1.520000e-06	2.333970e-09	1.934670e-09	1.960818e+01	2.356891e+02
1.530000e-06	2.340994e-09	1.938721e-09	1.966719e+01	2.364563e+02
1.540000e-06	2.347148e-09	1.942274e-09	1.971888e+01	2.371249e+02
1.550000e-06	2.352422e-09	1.944870e-09	1.976319e+01	2.376957e+02
1.560000e-06	2.356918e-09	1.946784e-09	1.980096e+01	2.381708e+02
1.570000e-06	2.360743e-09	1.949790e-09	1.983310e+01	2.385541e+02
1.580000e-06	2.363691e-09	1.953431e-09	1.985787e+01	2.388505e+02
1.590000e-06	2.365454e-09	1.955823e-09	1.987268e+01	2.390658e+02
1.600000e-06	2.366136e-09	1.956562e-09	1.987841e+01	2.392064e+02
1.610000e-06	2.366033e-09	1.955176e-09	1.987754e+01	2.392781e+02
1.620000e-06	2.365184e-09	1.952363e-09	1.987041e+01	2.392862e+02
1.630000e-06	2.363559e-09	1.950162e-09	1.985675e+01	2.392345e+02
1.640000e-06	2.361170e-09	1.946158e-09	1.983669e+01	2.391257e+02
1.650000e-06	2.358027e-09	1.941346e-09	1.981028e+01	2.389606e+02
1.660000e-06	2.354268e-09	1.940517e-09	1.977870e+01	2.387389e+02
1.670000e-06	2.349922e-09	1.952271e-09	1.974219e+01	2.384588e+02
1.680000e-06	2.344717e-09	1.947676e-09	1.969846e+01	2.381183e+02
1.690000e-06	2.338439e-09	1.877530e-09	1.964572e+01	2.377151e+02
1.700000e-06	2.331054e-09	1.837771e-09	1.958368e+01	2.372475e+02
1.710000e-06	2.322508e-09	1.911884e-09	1.951188e+01	2.367145e+02
1.720000e-06	2.312906e-09	1.995846e-09	1.943121e+01	2.361166e+02
1.730000e-06	2.302716e-09	1.915132e-09	1.934560e+01	2.354554e+02
1.740000e-06	2.292118e-09	1.851904e-09	1.925657e+01	2.347338e+02
1.750000e-06	2.280618e-09	1.999160e-09	1.915995e+01	2.339556e+02
1.760000e-06	2.267921e-09	1.970111e-09	1.905328e+01	2.331247e+02
1.770000e-06	2.254283e-09	1.798556e-09	1.893871e+01	2.322448e+02
1.780000e-06	2.239682e-09	1.930182e-09	1.881604e+01	2.313185e+02
1.790000e-06	2.224056e-09	2.051821e-09	1.868476e+01	2.303465e+02
1.800000e-06	2.207735e-09	1.880857e-09	1.854764e+01	2.293277e+02
1.810000e-06	2.190666e-09	1.914243e-09	1.840424e+01	2.282583e+02
1.820000e-06	2.172564e-09	2.069859e-09	1.825216e+01	2.271324e+02
1.830000e-06	2.153664e-09	1.936420e-09	1.809339e+01	2.259419e+02
1.840000e-06	2.134208e-09	1.936166e-09	1.792993e+01	2.246772e+02
1.850000e-06	2.114010e-09	2.068582e-09	1.776024e+01	2.233282e+02
1.860000e-06	2.092966e-09	1.956657e-09	1.758345e+01	2.218850e+02
1.870000e-06	2.070962e-09	1.969865e-09	1.739859e+01	2.203389e+02
1.880000e-06	2.047896e-09	2.058628e-09	1.720481e+01	2.186832e+02
1.890000e-06	2.024060e-09	1.922445e-09	1.700455e+01	2.169139e+02
1.900000e-06	1.999540e-09	1.910764e-09	1.679855e+01	2.150300e+02
1.910000e-06	1.974230e-09	1.929782e-09	1.658592e+01	2.130338e+02
1.920000e-06	1.948300e-09	1.831319e-09	1.636807e+01	2.109304e+02
1.930000e-06	1.921698e-09	1.883113e-09	1.614458e+01	2.087271e+02
1.940000e-06	1.894336e-09	1.873557e-09	1.591471e+01	2.064330e+02
1.950000e-06	1.866435e-09	1.787326e-09	1.568031e+01	2.040577e+02
1.960000e-06	1.837914e-09	1.846288e-09	1.544070e+01	2.016104e+02
1.970000e-06	1.808464e-09	1.811297e-09	1.519328e+01	1.990992e+02
1.980000e-06	1.778048e-09	1.742325e-09	1.493775e+01	1.965302e+02
1.990000e-06	1.746803e-09	1.756213e-09	1.467526e+01	1.939073e+02
2.000000e-06	1.714966e-09	1.698747e-09	1.440778e+01	1.912320e+02
2.010000e-06	1.682637e-09	1.681786e-09	1.413619e+01	1.885033e+02
2.020000e-06	1.649693e-09	1.688356e-09	1.385942e+01	1.857184e+02
2.030000e-06	1.616117e-09	1.646721e-09	1.357733e+01	1.828733e+02
2.040000e-06	1.581982e-09	1.625125e-09	1.329056e+01	1.799637e+02
2.050000e-06	1.547274e-09	1.591102e-09	1.299897e+01	1.769854e+02
2.060000e-06	1.512018e-09	1.563994e-09	1.270278e+01	1.739351e+02
2.070000e-06	1.476357e-09	1.525503e-09	1.240318e+01	1.708113e+02
2.080000e-06	1.440349e-09	1.478771e-09	1.210067e+01	1.676137e+02
2.090000e-06	1.403824e-09	1.470875e-09	1.179382e+01	1.643441e+02
2.100000e-06	1.366550e-09	1.445720e-09	1.148066e+01	1.610057e+02
2.110000e-06	1.328395e-09	1.422715e-09	1.116012e+01	1.576025e+02
2.120000e-06	1.289446e-09	1.396811e-09	1.083290e+01	1.541389e+02
2.130000e-06	1.249982e-09	1.345280e-09	1.050135e+01	1.506191e+02
2.140000e-06	1.210206e-09	1.323745e-09	1.016718e+01	1.470464e+02
2.150000e-06	1.170141e-09	1.286851e-09	9.830596e+00	1.434226e+02
2.160000e-06	1.129684e-09	1.248881e-09	9.490705e+00	1.397480e+02
2.170000e-06	1.088752e-09	1.230948e-09	9.146827e+00	1.360214e+02
2.180000e-06	1.047401e-09	1.188366e-09	8.799426e+00	1.322403e+02
2.190000e-06	1.005716e-09	1.163271e-09	8.449225e+00	1.284011e+02
2.200000e-06	9.637262e-10	1.131124e-09	8.096459e+00	1.245003e+02
2.210000e-06	9.213690e-10	1.083455e-09	7.740607e+00	1.205347e+02
2.220000e-06	8.785670e-10	1.050190e-09	7.381018e+00	1.165025e+02
2.230000e-06	8.353886e-10	1.009652e-09	7.018268e+00	1.124034e+02
2.240000e-06	7.919459e-10	9.761016e-10	6.653296e+00	1.082395e+02
2.250000e-06	7.483157e-10	9.427389e-10	6.286750e+00	1.040148e+02
2.260000e-06	7.045639e-10	9.043861e-10	5.919182e+00	9.973559e+01
2.270000e-06	6.606966e-10	8.699499e-10	5.550643e+00	9.540956e+01
2.280000e-06	6.167067e-10	8.282090e-10	5.181075e+00	9.104536e+01
2.290000e-06	5.725766e-10	7.870911e-10	4.810328e+00	8.665170e+01
2.300000e-06	5.282739e-10	7.458132e-10	4.438132e+00	8.223654e+01
2.310000e-06	4.837576e-10	7.067442e-10	4.064141e+00	7.780633e+01
2.320000e-06	4.389926e-10	6.739623e-10	3.688061e+00	7.336535e+01
2.330000e-06	3.940047e-10	6.379236e-10	3.310108e+00	6.891540e+01
2.340000e-06	3.487860e-10	6.022540e-10	2.930216e+00	6.445569e+01
2.350000e-06	3.033944e-10	5.598392e-10	2.548872e+00	5.998310e+01
2.360000e-06	2.578875e-10	5.149314e-10	2.166559e+00	5.549266e+01
2.370000e-06	2.122396e-10	4.766136e-10	1.783061e+00	5.097830e+01
2.380000e-06	1.665027e-10	4.353151e-10	1.398816e+00	4.643363e+01
2.390000e-06	1.206790e-10	3.957215e-10	1.013841e+00	4.185285e+01
2.400000e-06	7.477890e-11	3.569810e-10	6.282248e-01	3.723152e+01
2.410000e-06	2.886069e-11	3.192467e-10	2.424563e-01	3.256711e+01
2.420000e-06	-1.708161e-11	2.841381e-10	-1.435146e-01	2.785935e+01
2.430000e-06	-6.300248e-11	2.440285e-10	-5.293055e-01	2.311031e+01
2.440000e-06	-1.088719e-10	2.010614e-10	-9.146645e-01	1.832409e+01
2.450000e-06	-1.547167e-10	1.589231e-10	-1.299816e+00	1.350637e+01
2.460000e-06	-2.005071e-10	1.167022e-10	-1.684511e+00	8.663709e+00
2.470000e-06	-2.462077e-10	7.354921e-11	-2.068451e+00	3.802743e+00
2.480000e-06	-2.918009e-10	2.902198e-11	-2.451489e+00	-1.070561e+00
2.490000e-06	-3.372310e-10	-1.695280e-11	-2.833157e+00	-5.951580e+00
2.500000e-06	-3.824725e-10	-6.005374e-11	-3.213240e+00	-1.083750e+01
2.510000e-06	-4.275171e-10	-9.973349e-11	-3.591669e+00	-1.572754e+01
2.520000e-06	-4.723342e-10	-1.421873e-10	-3.968187e+00	-2.062287e+01
2.530000e-06	-5.168967e-10	-1.879673e-10	-4.342566e+00	-2.552628e+01
2.540000e-06	-5.612080e-10	-2.333098e-10	-4.714834e+00	-3.044165e+01
2.550000e-06	-6.053247e-10	-2.781604e-10	-5.085468e+00	-3.537318e+01
2.560000e-06	-6.492935e-10	-3.228179e-10	-5.454860e+00	-4.032468e+01
2.570000e-06	-6.931477e-10	-3.684731e-10	-5.823288e+00	-4.529881e+01
2.580000e-06	-7.368956e-10	-4.146388e-10	-6.190824e+00	-5.029645e+01
2.590000e-06	-7.805111e-10	-4.568707e-10	-6.557247e+00	-5.531636e+01
2.600000e-06	-8.239246e-10	-4.981042e-10	-6.921973e+00	-6.035497e+01
2.610000e-06	-8.670417e-10	-5.417798e-10	-7.284208e+00	-6.540653e+01
2.620000e-06	-9.097658e-10	-5.869016e-10	-7.643143e+00	-7.046344e+01
2.630000e-06	-9.520837e-10	-6.338597e-10	-7.998664e+00	-7.551683e+01
2.640000e-06	-9.940763e-10	-6.811412e-10	-8.351453e+00	-8.055719e+01
2.650000e-06	-1.035778e-09	-7.263353e-10	-8.701795e+00	-8.557508e+01
2.660000e-06	-1.077127e-09	-7.720386e-10	-9.049180e+00	-9.056180e+01
2.670000e-06	-1.118025e-09	-8.192369e-10	-9.392772e+00	-9.550988e+01
2.680000e-06	-1.158445e-09	-8.640892e-10	-9.732349e+00	-1.004134e+02
2.690000e-06	-1.198483e-09	-9.072172e-10	-1.006872e+01	-1.052680e+02
2.700000e-06	-1.238252e-09	-9.505844e-10	-1.040282e+01	-1.100710e+02
2.710000e-06	-1.277723e-09	-9.952679e-10	-1.073443e+01	-1.148209e+02
2.720000e-06	-1.316736e-09	-1.039770e-09	-1.106218e+01	-1.195166e+02
2.730000e-06	-1.355098e-09	-1.081799e-09	-1.138447e+01	-1.241576e+02
2.740000e-06	-1.392639e-09	-1.124074e-09	-1.169986e+01	-1.287428e+02
2.750000e-06	-1.429356e-09	-1.167655e-09	-1.200832e+01	-1.332704e+02
2.760000e-06	-1.465486e-09	-1.210267e-09	-1.231186e+01	-1.377375e+02
2.770000e-06	-1.501236e-09	-1.250412e-09	-1.261221e+01	-1.421397e+02
2.780000e-06	-1.536583e-09	-1.289215e-09	-1.290916e+01	-1.464718e+02
2.790000e-06	-1.571388e-09	-1.327709e-09	-1.320156e+01	-1.507274e+02
2.800000e-06	-1.605592e-09	-1.367141e-09	-1.348892e+01	-1.548995e+02
2.810000e-06	-1.639209e-09	-1.406404e-09	-1.377134e+01	-1.589812e+02
2.820000e-06	-1.672195e-09	-1.443205e-09	-1.404847e+01	-1.629659e+02
2.830000e-06	-1.704566e-09	-1.480004e-09	-1.432043e+01	-1.668478e+02
2.840000e-06	-1.736453e-09	-1.516763e-09	-1.458831e+01	-1.706224e+02
2.850000e-06	-1.767828e-09	-1.551711e-09	-1.485190e+01	-1.742866e+02
2.860000e-06	-1.798415e-09	-1.584287e-09	-1.510887e+01	-1.778387e+02
2.870000e-06	-1.827968e-09	-1.614446e-09	-1.535715e+01	-1.812783e+02
2.880000e-06	-1.856555e-09	-1.644529e-09	-1.559731e+01	-1.846061e+02
2.890000e-06	-1.884495e-09	-1.676061e-09	-1.583205e+01	-1.878237e+02
2.900000e-06	-1.911916e-09	-1.706427e-09	-1.606241e+01	-1.909328e+02
2.910000e-06	-1.938671e-09	-1.733641e-09	-1.628719e+01	-1.939352e+02
2.920000e-06	-1.964685e-09	-1.760157e-09	-1.650574e+01	-1.968323e+02
2.930000e-06	-1.989925e-09	-1.786434e-09	-1.671778e+01	-1.996251e+02
2.940000e-06	-2.014413e-09	-1.811805e-09	-1.692351e+01	-2.023142e+02
2.950000e-06	-2.038334e-09	-1.836473e-09	-1.712448e+01	-2.048995e+02
2.960000e-06	-2.061693e-09	-1.860633e-09	-1.732072e+01	-2.073808e+02
2.970000e-06	-2.084142e-09	-1.884257e-09	-1.750932e+01	-2.097580e+02
2.980000e-06	-2.105433e-09	-1.908307e-09	-1.768819e+01	-2.120309e+02
2.990000e-06	-2.125777e-09	-1.930417e-09	-1.785910e+01	-2.142003e+02
3.000000e-06	-2.145480e-09	-1.950604e-09	-1.802463e+01	-2.162673e+02
3.010000e-06	-2.164525e-09	-1.969482e-09	-1.818464e+01	-2.182341e+02
3.020000e-06	-2.182812e-09	-1.986249e-09	-1.833826e+01	-2.201031e+02
3.030000e-06	-2.200306e-09	-2.002598e-09	-1.848523e+01	-2.218775e+02
3.040000e-06	-2.216990e-09	-2.018215e-09	-1.862541e+01	-2.235606e+02
3.050000e-06	-2.232982e-09	-2.033906e-09	-1.875975e+01	-2.251552e+02
3.060000e-06	-2.248239e-09	-2.048614e-09	-1.888793e+01	-2.266638e+02
3.070000e-06	-2.262357e-09	-2.063480e-09	-1.900654e+01	-2.280880e+02
3.080000e-06	-2.275194e-09	-2.076406e-09	-1.911438e+01	-2.294280e+02
3.090000e-06	-2.287035e-09	-2.086636e-09	-1.921386e+01	-2.306831e+02
3.100000e-06	-2.298020e-09	-2.095158e-09	-1.930615e+01	-2.318516e+02
3.110000e-06	-2.308161e-09	-2.103305e-09	-1.939135e+01	-2.329310e+02
3.120000e-06	-2.317461e-09	-2.112278e-09	-1.946948e+01	-2.339182e+02
3.130000e-06	-2.325936e-09	-2.121748e-09	-1.954068e+01	-2.348105e+02
3.140000e-06	-2.333717e-09	-2.131475e-09	-1.960605e+01	-2.356056e+02
3.150000e-06	-2.340686e-09	-2.140206e-09	-1.966460e+01	-2.363023e+02
3.160000e-06	-2.346506e-09	-2.148333e-09	-1.971349e+01	-2.369008e+02
3.170000e-06	-2.351191e-09	-2.154816e-09	-1.975285e+01	-2.374028e+02
3.180000e-06	-2.355055e-09	-2.158510e-09	-1.978531e+01	-2.378118e+02
3.190000e-06	-2.358179e-09	-2.159661e-09	-1.981156e+01	-2.381323e+02
3.200000e-06	-2.360491e-09	-2.160625e-09	-1.983098e+01	-2.383701e+02
3.210000e-06	-2.361974e-09	-2.162004e-09	-1.984344e+01	-2.385313e+02
3.220000e-06	-2.362610e-09	-2.164658e-09	-1.984879e+01	-2.386220e+02
