# Configuracion:
# Concentracion g/m^3_=_10000.0
# C_Vs_to_Am_M_A/Vsm_=_116720831517.84952
# pendiente_HvsI_1/m_=_3716.3
# ordenada_HvsI_A/m_=_1297.0
# frecuencia_ref_Hz_=_310272.1289670632
# 
Resultados:
# tau_ns_=_(1.14+/-0.02)e+02
# dphi_rad_=_6.50+/-0.00
# SAR_W/g_=_555.84+/-13.88
# Hc_kA/m_=_12.74+/-0.11
# Mr_A/m_=_116.51+/-4.20
# Magnetizacion_max_emu/g_=_42.2+/-1.3
# Suceptibilidad_a_M=0_=_(9.747+/-0.375)e-03

Nombre_archivo	Time_m_(s)	Temperatura_(ºC)	Mr_(A/m)	Hc_(kA/m)	Campo_max_(A/m)	Mag_max_(A/m)	f0	mag0	dphi0	SAR_(W/g)	Tau_(ns)	N	xi_M_0
300kHz_125dA_100Mss_bobN18A0006.txt		20.00	107.44	12.57	47750.75	400.53	3.102837e+05	1.562382e+01	6.501603e+00	525.52	113.850180	4512	9.096e-03
300kHz_125dA_100Mss_bobN18A0007.txt		20.00	108.06	12.56	47750.75	401.01	3.102837e+05	1.562314e+01	6.500127e+00	522.00	113.055965	4512	9.174e-03
300kHz_125dA_100Mss_bobN18A0008.txt		20.00	110.64	12.84	47750.75	400.93	3.102837e+05	1.565504e+01	6.505662e+00	536.19	116.036101	4512	9.204e-03
300kHz_125dA_100Mss_bobN18A0009.txt		20.00	109.84	12.70	47750.75	405.34	3.102837e+05	1.582003e+01	6.502661e+00	534.65	114.419651	4512	9.200e-03
300kHz_125dA_100Mss_bobN18A0010.txt		20.00	110.39	12.88	47750.75	397.34	3.102837e+05	1.551931e+01	6.506659e+00	533.89	116.574516	4512	9.083e-03
300kHz_125dA_100Mss_bobN18A0011.txt		20.00	111.02	12.79	47750.75	405.12	3.102837e+05	1.581984e+01	6.504954e+00	540.14	115.654899	4512	9.214e-03
300kHz_125dA_100Mss_bobN18A0012.txt		20.00	111.41	12.88	47750.75	404.34	3.102149e+05	1.580561e+01	6.506301e+00	542.76	116.381985	4513	9.202e-03
300kHz_125dA_100Mss_bobN18A0013.txt		20.00	111.83	12.85	47750.75	407.35	3.102837e+05	1.592572e+01	6.504375e+00	542.36	115.343530	4512	9.309e-03
300kHz_125dA_100Mss_bobN18A0014.txt		20.00	112.59	12.61	47750.75	416.68	3.102837e+05	1.624806e+01	6.501159e+00	545.42	113.612333	4512	9.454e-03
300kHz_125dA_100Mss_bobN18A0015.txt		20.00	112.18	12.80	47750.75	409.20	3.102149e+05	1.600780e+01	6.502532e+00	540.57	114.352173	4513	9.374e-03
300kHz_125dA_100Mss_bobN18A0016.txt		20.00	114.93	12.81	47750.75	416.08	3.102837e+05	1.629096e+01	6.503495e+00	552.63	114.869055	4512	9.582e-03
300kHz_125dA_100Mss_bobN18A0017.txt		20.00	115.62	12.70	47750.75	419.85	3.102837e+05	1.640957e+01	6.502469e+00	554.10	114.317819	4512	9.661e-03
300kHz_125dA_100Mss_bobN18A0018.txt		20.00	115.85	12.72	47750.75	420.09	3.102149e+05	1.644491e+01	6.502588e+00	555.47	114.382144	4513	9.683e-03
300kHz_125dA_100Mss_bobN18A0019.txt		20.00	116.77	12.70	47750.75	424.41	3.102837e+05	1.662499e+01	6.500985e+00	557.63	113.518057	4512	9.830e-03
300kHz_125dA_100Mss_bobN18A0020.txt		20.00	113.53	12.82	47750.75	413.84	3.102837e+05	1.620046e+01	6.502772e+00	547.78	114.481809	4512	9.429e-03
300kHz_125dA_100Mss_bobN18A0021.txt		20.00	116.45	12.85	47750.75	419.03	3.102837e+05	1.643823e+01	6.503534e+00	557.72	114.891777	4512	9.705e-03
300kHz_125dA_100Mss_bobN18A0022.txt		20.00	116.67	12.94	47750.75	419.39	3.102837e+05	1.644368e+01	6.505424e+00	562.61	115.910289	4512	9.610e-03
300kHz_125dA_100Mss_bobN18A0023.txt		20.00	117.93	12.84	47750.75	423.07	3.102149e+05	1.659480e+01	6.503641e+00	563.17	114.949331	4513	9.785e-03
300kHz_125dA_100Mss_bobN18A0024.txt		20.00	119.09	12.76	47750.75	428.58	3.102149e+05	1.681844e+01	6.504313e+00	572.48	115.312070	4513	9.847e-03
300kHz_125dA_100Mss_bobN18A0025.txt		20.00	118.61	12.79	47750.75	427.45	3.102837e+05	1.678475e+01	6.500987e+00	563.00	113.521065	4512	9.919e-03
300kHz_125dA_100Mss_bobN18A0026.txt		20.00	120.32	12.82	47750.75	429.66	3.102837e+05	1.687745e+01	6.502259e+00	569.36	114.206381	4512	1.003e-02
300kHz_125dA_100Mss_bobN18A0027.txt		20.00	119.83	12.73	47750.75	434.43	3.102837e+05	1.703171e+01	6.499533e+00	567.53	112.739356	4512	1.003e-02
300kHz_125dA_100Mss_bobN18A0028.txt		20.00	119.50	12.81	47750.75	428.31	3.102149e+05	1.685311e+01	6.500942e+00	565.05	113.497648	4513	9.957e-03
300kHz_125dA_100Mss_bobN18A0029.txt		20.00	119.87	12.84	47750.75	427.78	3.102149e+05	1.679849e+01	6.502328e+00	566.75	114.243942	4513	9.980e-03
300kHz_125dA_100Mss_bobN18A0030.txt		20.00	119.87	12.79	47750.75	432.36	3.102149e+05	1.700637e+01	6.500566e+00	569.22	113.295964	4513	9.994e-03
300kHz_125dA_100Mss_bobN18A0031.txt		20.00	120.65	12.66	47750.75	437.31	3.102149e+05	1.719382e+01	6.497716e+00	568.07	111.763087	4513	1.020e-02
300kHz_125dA_100Mss_bobN18A0032.txt		20.00	120.03	12.79	47750.75	431.56	3.102149e+05	1.697290e+01	6.501249e+00	569.86	113.663742	4513	9.998e-03
300kHz_125dA_100Mss_bobN18A0033.txt		20.00	120.99	12.64	47750.75	437.62	3.102837e+05	1.719689e+01	6.498850e+00	571.25	112.372843	4512	1.016e-02
300kHz_125dA_100Mss_bobN18A0034.txt		20.00	120.35	12.66	47750.75	435.20	3.102149e+05	1.709936e+01	6.497776e+00	565.10	111.796118	4513	1.009e-02
300kHz_125dA_100Mss_bobN18A0035.txt		20.00	120.37	12.60	47750.75	440.67	3.102149e+05	1.731594e+01	6.497122e+00	570.54	111.444664	4513	1.019e-02
300kHz_125dA_100Mss_bobN18A0036.txt		20.00	121.85	12.73	47750.75	437.26	3.102837e+05	1.722353e+01	6.499197e+00	573.04	112.560408	4512	1.022e-02
300kHz_125dA_100Mss_bobN18A0037.txt		20.00	119.88	12.72	47750.75	435.89	3.102149e+05	1.717961e+01	6.497132e+00	566.08	111.451026	4513	1.008e-02
300kHz_125dA_100Mss_bobN18A0038.txt		20.00	120.69	12.70	47750.75	433.31	3.102149e+05	1.705514e+01	6.498626e+00	565.84	112.253361	4513	1.016e-02
300kHz_125dA_100Mss_bobN18A0039.txt		20.00	120.08	12.58	47750.75	435.88	3.102149e+05	1.713729e+01	6.494934e+00	558.97	110.270615	4513	1.019e-02
300kHz_125dA_100Mss_bobN18A0040.txt		20.00	119.40	12.66	47750.75	428.74	3.102149e+05	1.688205e+01	6.496714e+00	555.20	111.226187	4513	1.003e-02
300kHz_125dA_100Mss_bobN18A0041.txt		20.00	119.80	12.39	47750.75	437.36	3.102837e+05	1.718345e+01	6.494046e+00	558.28	109.794276	4512	1.022e-02
