script internal name (ver:210707): multilognorlanglmfit
data-filename:3Z
this-filename:fits/3Z.fit.00
[[Definition parameters]]
ndist: 1
weight: sep
[[status]]
Fit succeeded.
[[Fit Statistics]]
    # fitting method   = leastsq
    # function evals   = 38
    # data points      = 125
    # variables        = 5
    chi-square         = 12.1078388
    reduced chi-square = 0.10089866
    Akaike info crit   = -281.807583
    Bayesian info crit = -267.666014
[[Variables]]
    N0:    5.6936e+15 +/- 2.9616e+14 (5.20%) (init = 6.635881e+15)
    mu0:   7.55424786 +/- 0.10896439 (1.44%) (init = 7.65)
    sig0:  1.72344848 +/- 0.03462327 (2.01%) (init = 1.596)
    C:    -1.6700e-07 +/- 3.8573e-08 (23.10%) (init = -1.146052e-06)
    T:     300 (fixed)
    dc:    2.2628e-05 +/- 5.2483e-05 (231.94%) (init = 5.147498e-05)
[[Correlations]] (unreported correlations are < 0.100)
    C(mu0, sig0) = -0.9972
    C(N0, mu0)   = -0.9952
    C(N0, sig0)  = +0.9852
    C(N0, C)     = -0.9151
    C(mu0, C)    = +0.8803
    C(sig0, C)   = -0.8492
[[Derived Parameters]]
    mean-mu      = 8429+/-1047 mb
    stddev       = 36250+/-5945 mb
    <mu>_mu      = 164335+/-34440 mb
    sum squares  = 8.501748e-02
    m_s          = (4.4505+/-0.5994)e-01 (units)
[[data]]
-1.900000e+04 -4.305797e-01 1.000000e-03 -4.305057e-01 
-1.800000e+04 -4.298695e-01 1.000000e-03 -4.301007e-01 
-1.700000e+04 -4.294422e-01 1.000000e-03 -4.296345e-01 
-1.600000e+04 -4.290080e-01 1.000000e-03 -4.290966e-01 
-1.500000e+04 -4.285309e-01 1.000000e-03 -4.284738e-01 
-1.400000e+04 -4.279074e-01 1.000000e-03 -4.277498e-01 
-1.300000e+04 -4.270508e-01 1.000000e-03 -4.269034e-01 
-1.200000e+04 -4.261235e-01 1.000000e-03 -4.259072e-01 
-1.100000e+04 -4.248616e-01 1.000000e-03 -4.247248e-01 
-1.000000e+04 -4.234283e-01 9.999950e-04 -4.233066e-01 
-8.999990e+03 -4.217540e-01 1.000000e-03 -4.215836e-01 
-8.000000e+03 -4.195667e-01 1.000008e-03 -4.194565e-01 
-7.000005e+03 -4.166245e-01 1.000003e-03 -4.167762e-01 
-6.000005e+03 -4.132629e-01 9.999950e-04 -4.133082e-01 
-4.999995e+03 -4.088187e-01 9.999900e-04 -4.086591e-01 
-3.999985e+03 -4.017858e-01 9.999875e-04 -4.021097e-01 
-2.999970e+03 -3.916721e-01 1.000008e-03 -3.921736e-01 
-2.000000e+03 -3.748356e-01 1.000011e-03 -3.751200e-01 
-9.999915e+02 -3.392629e-01 1.904763e-03 -3.373876e-01 
-9.500005e+02 -3.362988e-01 2.000010e-02 -3.341769e-01 
-8.999920e+02 -3.328366e-01 2.000020e-02 -3.307324e-01 
-8.500015e+02 -3.292580e-01 2.000140e-02 -3.270278e-01 
-7.999990e+02 -3.256096e-01 1.999860e-02 -3.230268e-01 
-7.499945e+02 -3.213566e-01 2.000000e-02 -3.186891e-01 
-6.999990e+02 -3.167231e-01 2.000100e-02 -3.139665e-01 
-6.499995e+02 -3.115657e-01 2.000030e-02 -3.087978e-01 
-6.000005e+02 -3.058008e-01 1.999950e-02 -3.031087e-01 
-5.499970e+02 -2.993506e-01 1.999840e-02 -2.968052e-01 
-4.999925e+02 -2.917699e-01 2.000110e-02 -2.897679e-01 
-4.500025e+02 -2.831702e-01 2.000130e-02 -2.818434e-01 
-3.999990e+02 -2.727977e-01 1.999880e-02 -2.728188e-01 
-3.499965e+02 -2.603833e-01 1.999980e-02 -2.624094e-01 
-2.999980e+02 -2.449112e-01 2.000140e-02 -2.502059e-01 
-2.500035e+02 -2.251891e-01 2.000040e-02 -2.355952e-01 
-2.000000e+02 -1.993964e-01 3.333028e-02 -2.175946e-01 
-1.899980e+02 -1.931198e-01 1.000050e-01 -2.134574e-01 
-1.800010e+02 -1.865060e-01 1.000125e-01 -2.091046e-01 
-1.700005e+02 -1.794683e-01 9.999250e-02 -2.045112e-01 
-1.599995e+02 -1.720600e-01 1.000000e-01 -1.996535e-01 
-1.500005e+02 -1.641568e-01 1.000025e-01 -1.945039e-01 
-1.400000e+02 -1.558576e-01 1.000250e-01 -1.890268e-01 
-1.300055e+02 -1.470027e-01 9.999250e-02 -1.831866e-01 
-1.199985e+02 -1.376093e-01 1.000075e-01 -1.769240e-01 
-1.100070e+02 -1.277477e-01 9.996251e-02 -1.701988e-01 
-9.999100e+01 -1.172726e-01 9.999500e-02 -1.629119e-01 
-9.000600e+01 -1.063546e-01 1.000370e-01 -1.550152e-01 
-7.999840e+01 -9.477285e-02 9.998200e-02 -1.463537e-01 
-7.000240e+01 -8.279581e-02 1.000255e-01 -1.368078e-01 
-6.000350e+01 -7.025439e-02 1.000150e-01 -1.261663e-01 
-5.000540e+01 -5.643914e-02 9.997226e-02 -1.141560e-01 
-3.999795e+01 -4.213303e-02 9.997800e-02 -1.003569e-01 
-3.000100e+01 -2.956553e-02 1.000318e-01 -8.416113e-02 
-2.000430e+01 -1.876458e-02 1.666576e-01 -6.445125e-02 
-1.800035e+01 -1.670148e-02 4.997002e-01 -5.991361e-02 
-1.600190e+01 -1.478282e-02 5.007637e-01 -5.513838e-02 
-1.400645e+01 -1.288861e-02 4.997501e-01 -5.008724e-02 
-1.199990e+01 -1.107606e-02 4.991720e-01 -4.467981e-02 
-9.999815e+00 -9.246004e-03 5.000706e-01 -3.890699e-02 
-8.000465e+00 -7.477275e-03 5.001432e-01 -3.268062e-02 
-6.000960e+00 -5.721576e-03 4.994562e-01 -2.589530e-02 
-3.996110e+00 -3.934526e-03 4.997401e-01 -1.837662e-02 
-1.998880e+00 -2.060632e-03 4.993389e-01 -9.918789e-03 
9.186195e-03 -8.014856e-05 4.997483e-01 7.276892e-05 
2.003135e+00 1.918767e-03 5.010668e-01 9.983374e-03 
4.000670e+00 3.788622e-03 5.003477e-01 1.843995e-02 
6.000355e+00 5.584827e-03 5.003909e-01 2.593840e-02 
7.997545e+00 7.344566e-03 5.003108e-01 3.271641e-02 
9.997870e+00 9.142931e-03 4.998807e-01 3.894642e-02 
1.199850e+01 1.097467e-02 5.001963e-01 4.472117e-02 
1.399630e+01 1.283163e-02 4.993695e-01 5.010601e-02 
1.600355e+01 1.469197e-02 5.001188e-01 5.518769e-02 
1.799535e+01 1.668986e-02 5.008954e-01 5.994724e-02 
1.999640e+01 1.871722e-02 1.666410e-01 6.447907e-02 
2.999720e+01 2.973241e-02 9.996876e-02 8.419966e-02 
4.000265e+01 4.250350e-02 9.998575e-02 1.004092e-01 
5.000005e+01 5.692958e-02 1.000300e-01 1.141944e-01 
5.999665e+01 7.070006e-02 1.000063e-01 1.262038e-01 
6.999880e+01 8.324013e-02 9.998125e-02 1.368495e-01 
8.000040e+01 9.530392e-02 1.000045e-01 1.464008e-01 
8.999790e+01 1.067057e-01 1.000000e-01 1.550538e-01 
1.000004e+02 1.175974e-01 9.999700e-02 1.629642e-01 
1.099985e+02 1.279587e-01 9.997451e-02 1.702381e-01 
1.200055e+02 1.378661e-01 1.000000e-01 1.769738e-01 
1.299985e+02 1.473537e-01 1.000425e-01 1.832276e-01 
1.399970e+02 1.561392e-01 1.000075e-01 1.890704e-01 
1.499970e+02 1.643271e-01 9.997501e-02 1.945473e-01 
1.600020e+02 1.722244e-01 9.998500e-02 1.997000e-01 
1.700000e+02 1.797861e-01 1.000275e-01 2.045562e-01 
1.799965e+02 1.867098e-01 1.000025e-01 2.091479e-01 
1.899995e+02 1.932812e-01 9.994004e-02 2.135033e-01 
2.000085e+02 1.994686e-01 3.333500e-02 2.176433e-01 
2.499965e+02 2.252540e-01 2.000110e-02 2.356382e-01 
3.000030e+02 2.448934e-01 1.999890e-02 2.502524e-01 
3.500020e+02 2.603495e-01 2.000120e-02 2.624558e-01 
3.999970e+02 2.730348e-01 1.999990e-02 2.728637e-01 
4.500025e+02 2.832221e-01 2.000070e-02 2.818887e-01 
4.999935e+02 2.919909e-01 2.000030e-02 2.898133e-01 
5.500010e+02 2.993017e-01 1.999880e-02 2.968509e-01 
5.999995e+02 3.059362e-01 2.000190e-02 3.031538e-01 
6.499915e+02 3.114950e-01 1.999950e-02 3.088421e-01 
7.000020e+02 3.167231e-01 1.999840e-02 3.140121e-01 
7.499995e+02 3.214990e-01 2.000100e-02 3.187348e-01 
7.999970e+02 3.257092e-01 1.999970e-02 3.230719e-01 
8.500010e+02 3.295169e-01 2.000080e-02 3.270731e-01 
8.999930e+02 3.329203e-01 2.000150e-02 3.307778e-01 
9.499935e+02 3.362381e-01 2.000140e-02 3.342217e-01 
9.999860e+02 3.396163e-01 1.904777e-03 3.374325e-01 
1.999985e+03 3.749081e-01 9.999905e-04 3.751649e-01 
3.000005e+03 3.915657e-01 9.999900e-04 3.922193e-01 
4.000005e+03 4.019741e-01 1.000000e-03 4.021551e-01 
5.000005e+03 4.089721e-01 1.000023e-03 4.087044e-01 
5.999960e+03 4.132888e-01 1.000020e-03 4.133533e-01 
6.999965e+03 4.167819e-01 9.999125e-04 4.168213e-01 
8.000135e+03 4.195298e-01 9.999750e-04 4.195021e-01 
9.000015e+03 4.217510e-01 1.000068e-03 4.216289e-01 
1.000000e+04 4.235787e-01 1.000008e-03 4.233518e-01 
1.100000e+04 4.249940e-01 1.000000e-03 4.247700e-01 
1.200000e+04 4.261434e-01 1.000000e-03 4.259525e-01 
1.300000e+04 4.270777e-01 1.000000e-03 4.269487e-01 
1.400000e+04 4.278018e-01 1.000000e-03 4.277951e-01 
1.500000e+04 4.286066e-01 1.000000e-03 4.285191e-01 
1.600000e+04 4.290906e-01 1.000700e-03 4.291418e-01 
1.699860e+04 4.294902e-01 9.999250e-04 4.296791e-01 
1.800015e+04 4.299273e-01 9.993005e-04 4.301460e-01 
1.900000e+04 4.303685e-01 1.000150e-03 4.305509e-01 
