script internal name (ver:210707): multilognorlanglmfit
data-filename:3Z
this-filename:fits/3Z.fit.02
[[Definition parameters]]
ndist: 1
weight: sep
[[status]]
Fit succeeded.
[[Fit Statistics]]
    # fitting method   = leastsq
    # function evals   = 38
    # data points      = 125
    # variables        = 5
    chi-square         = 4804.62167
    reduced chi-square = 40.0385139
    Akaike info crit   = 466.127480
    Bayesian info crit = 480.269049
[[Variables]]
    N0:    1.1342e+17 +/- 5.8997e+15 (5.20%) (init = 1.321889e+17)
    mu0:   7.55424781 +/- 0.10896440 (1.44%) (init = 7.65)
    sig0:  1.72344849 +/- 0.03462327 (2.01%) (init = 1.596)
    C:    -3.3266e-06 +/- 7.6839e-07 (23.10%) (init = -2.282972e-05)
    T:     300 (fixed)
    dc:    4.5075e-04 +/- 0.00104547 (231.94%) (init = 0.001025398)
[[Correlations]] (unreported correlations are < 0.100)
    C(mu0, sig0) = -0.9972
    C(N0, mu0)   = -0.9952
    C(N0, sig0)  = +0.9852
    C(N0, C)     = -0.9151
    C(mu0, C)    = +0.8803
    C(sig0, C)   = -0.8492
[[Derived Parameters]]
    mean-mu      = 8429+/-1047 mb
    stddev       = 36250+/-5945 mb
    <mu>_mu      = 164335+/-34440 mb
    sum squares  = 3.373656e+01
    m_s          = (8.865+/-1.194)e+00 (units)
[[data]]
-1.900000e+04 -8.577284e+00 1.000000e-03 -8.575810e+00 
-1.800000e+04 -8.563138e+00 1.000000e-03 -8.567743e+00 
-1.700000e+04 -8.554626e+00 1.000000e-03 -8.558456e+00 
-1.600000e+04 -8.545975e+00 1.000000e-03 -8.547740e+00 
-1.500000e+04 -8.536472e+00 1.000000e-03 -8.535335e+00 
-1.400000e+04 -8.524051e+00 1.000000e-03 -8.520912e+00 
-1.300000e+04 -8.506988e+00 1.000000e-03 -8.504052e+00 
-1.200000e+04 -8.488516e+00 1.000000e-03 -8.484207e+00 
-1.100000e+04 -8.463378e+00 1.000000e-03 -8.460653e+00 
-1.000000e+04 -8.434826e+00 9.999950e-04 -8.432402e+00 
-8.999990e+03 -8.401474e+00 1.000000e-03 -8.398080e+00 
-8.000000e+03 -8.357903e+00 1.000008e-03 -8.355707e+00 
-7.000005e+03 -8.299293e+00 1.000003e-03 -8.302315e+00 
-6.000005e+03 -8.232330e+00 9.999950e-04 -8.233231e+00 
-4.999995e+03 -8.143799e+00 9.999900e-04 -8.140619e+00 
-3.999985e+03 -8.003702e+00 9.999875e-04 -8.010154e+00 
-2.999970e+03 -7.802233e+00 1.000008e-03 -7.812223e+00 
-2.000000e+03 -7.466844e+00 1.000011e-03 -7.472510e+00 
-9.999915e+02 -6.758226e+00 1.904763e-03 -6.720868e+00 
-9.500005e+02 -6.699179e+00 2.000010e-02 -6.656910e+00 
-8.999920e+02 -6.630212e+00 2.000020e-02 -6.588296e+00 
-8.500015e+02 -6.558924e+00 2.000140e-02 -6.514499e+00 
-7.999990e+02 -6.486246e+00 1.999860e-02 -6.434796e+00 
-7.499945e+02 -6.401525e+00 2.000000e-02 -6.348388e+00 
-6.999990e+02 -6.309225e+00 2.000100e-02 -6.254313e+00 
-6.499995e+02 -6.206488e+00 2.000030e-02 -6.151350e+00 
-6.000005e+02 -6.091649e+00 1.999950e-02 -6.038022e+00 
-5.499970e+02 -5.963159e+00 1.999840e-02 -5.912453e+00 
-4.999925e+02 -5.812149e+00 2.000110e-02 -5.772268e+00 
-4.500025e+02 -5.640841e+00 2.000130e-02 -5.614410e+00 
-3.999990e+02 -5.434217e+00 1.999880e-02 -5.434638e+00 
-3.499965e+02 -5.186917e+00 1.999980e-02 -5.227278e+00 
-2.999980e+02 -4.878709e+00 2.000140e-02 -4.984180e+00 
-2.500035e+02 -4.485838e+00 2.000040e-02 -4.693131e+00 
-2.000000e+02 -3.972040e+00 3.333028e-02 -4.334553e+00 
-1.899980e+02 -3.847008e+00 1.000050e-01 -4.252139e+00 
-1.800010e+02 -3.715260e+00 1.000125e-01 -4.165431e+00 
-1.700005e+02 -3.575066e+00 9.999250e-02 -4.073928e+00 
-1.599995e+02 -3.427491e+00 1.000000e-01 -3.977161e+00 
-1.500005e+02 -3.270055e+00 1.000025e-01 -3.874580e+00 
-1.400000e+02 -3.104733e+00 1.000250e-01 -3.765475e+00 
-1.300055e+02 -2.928341e+00 9.999250e-02 -3.649135e+00 
-1.199985e+02 -2.741221e+00 1.000075e-01 -3.524383e+00 
-1.100070e+02 -2.544774e+00 9.996251e-02 -3.390414e+00 
-9.999100e+01 -2.336107e+00 9.999500e-02 -3.245256e+00 
-9.000600e+01 -2.118618e+00 1.000370e-01 -3.087952e+00 
-7.999840e+01 -1.887905e+00 9.998200e-02 -2.915412e+00 
-7.000240e+01 -1.649319e+00 1.000255e-01 -2.725256e+00 
-6.000350e+01 -1.399490e+00 1.000150e-01 -2.513273e+00 
-5.000540e+01 -1.124286e+00 9.997226e-02 -2.274023e+00 
-3.999795e+01 -8.393034e-01 9.997800e-02 -1.999142e+00 
-3.000100e+01 -5.889548e-01 1.000318e-01 -1.676517e+00 
-2.000430e+01 -3.737965e-01 1.666576e-01 -1.283889e+00 
-1.800035e+01 -3.326988e-01 4.997002e-01 -1.193498e+00 
-1.600190e+01 -2.944784e-01 5.007637e-01 -1.098374e+00 
-1.400645e+01 -2.567452e-01 4.997501e-01 -9.977538e-01 
-1.199990e+01 -2.206386e-01 4.991720e-01 -8.900361e-01 
-9.999815e+00 -1.841833e-01 5.000706e-01 -7.750396e-01 
-8.000465e+00 -1.489497e-01 5.001432e-01 -6.510084e-01 
-6.000960e+00 -1.139756e-01 4.994562e-01 -5.158426e-01 
-3.996110e+00 -7.837702e-02 4.997401e-01 -3.660681e-01 
-1.998880e+00 -4.104845e-02 4.993389e-01 -1.975854e-01 
9.186195e-03 -1.596585e-03 4.997483e-01 1.449580e-03 
2.003135e+00 3.822244e-02 5.010668e-01 1.988720e-01 
4.000670e+00 7.547056e-02 5.003477e-01 3.673298e-01 
6.000355e+00 1.112515e-01 5.003909e-01 5.167013e-01 
7.997545e+00 1.463061e-01 5.003108e-01 6.517212e-01 
9.997870e+00 1.821301e-01 4.998807e-01 7.758251e-01 
1.199850e+01 2.186189e-01 5.001963e-01 8.908599e-01 
1.399630e+01 2.556101e-01 4.993695e-01 9.981278e-01 
1.600355e+01 2.926688e-01 5.001188e-01 1.099356e+00 
1.799535e+01 3.324673e-01 5.008954e-01 1.194168e+00 
1.999640e+01 3.728531e-01 1.666410e-01 1.284444e+00 
2.999720e+01 5.922790e-01 9.996876e-02 1.677284e+00 
4.000265e+01 8.466833e-01 9.998575e-02 2.000183e+00 
5.000005e+01 1.134055e+00 1.000300e-01 2.274788e+00 
5.999665e+01 1.408368e+00 1.000063e-01 2.514021e+00 
6.999880e+01 1.658170e+00 9.998125e-02 2.726085e+00 
8.000040e+01 1.898485e+00 1.000045e-01 2.916350e+00 
8.999790e+01 2.125612e+00 1.000000e-01 3.088721e+00 
1.000004e+02 2.342577e+00 9.999700e-02 3.246300e+00 
1.099985e+02 2.548979e+00 9.997451e-02 3.391197e+00 
1.200055e+02 2.746336e+00 1.000000e-01 3.525375e+00 
1.299985e+02 2.935332e+00 1.000425e-01 3.649953e+00 
1.399970e+02 3.110344e+00 1.000075e-01 3.766343e+00 
1.499970e+02 3.273448e+00 9.997501e-02 3.875444e+00 
1.600020e+02 3.430765e+00 9.998500e-02 3.978087e+00 
1.700000e+02 3.581397e+00 1.000275e-01 4.074825e+00 
1.799965e+02 3.719318e+00 1.000025e-01 4.166292e+00 
1.899995e+02 3.850222e+00 9.994004e-02 4.253053e+00 
2.000085e+02 3.973478e+00 3.333500e-02 4.335523e+00 
2.499965e+02 4.487131e+00 2.000110e-02 4.693987e+00 
3.000030e+02 4.878354e+00 1.999890e-02 4.985108e+00 
3.500020e+02 5.186245e+00 2.000120e-02 5.228204e+00 
3.999970e+02 5.438940e+00 1.999990e-02 5.435532e+00 
4.500025e+02 5.641875e+00 2.000070e-02 5.615312e+00 
4.999935e+02 5.816551e+00 2.000030e-02 5.773173e+00 
5.500010e+02 5.962186e+00 1.999880e-02 5.913365e+00 
5.999995e+02 6.094347e+00 2.000190e-02 6.038921e+00 
6.499915e+02 6.205080e+00 1.999950e-02 6.152234e+00 
7.000020e+02 6.309225e+00 1.999840e-02 6.255221e+00 
7.499995e+02 6.404363e+00 2.000100e-02 6.349299e+00 
7.999970e+02 6.488230e+00 1.999970e-02 6.435694e+00 
8.500010e+02 6.564081e+00 2.000080e-02 6.515399e+00 
8.999930e+02 6.631879e+00 2.000150e-02 6.589199e+00 
9.499935e+02 6.697969e+00 2.000140e-02 6.657803e+00 
9.999860e+02 6.765265e+00 1.904777e-03 6.721763e+00 
1.999985e+03 7.468290e+00 9.999905e-04 7.473405e+00 
3.000005e+03 7.800114e+00 9.999900e-04 7.813133e+00 
4.000005e+03 8.007452e+00 1.000000e-03 8.011058e+00 
5.000005e+03 8.146854e+00 1.000023e-03 8.141521e+00 
5.999960e+03 8.232845e+00 1.000020e-03 8.234129e+00 
6.999965e+03 8.302427e+00 9.999125e-04 8.303214e+00 
8.000135e+03 8.357168e+00 9.999750e-04 8.356615e+00 
9.000015e+03 8.401414e+00 1.000068e-03 8.398983e+00 
1.000000e+04 8.437822e+00 1.000008e-03 8.433303e+00 
1.100000e+04 8.466016e+00 1.000000e-03 8.461554e+00 
1.200000e+04 8.488913e+00 1.000000e-03 8.485109e+00 
1.300000e+04 8.507524e+00 1.000000e-03 8.504953e+00 
1.400000e+04 8.521948e+00 1.000000e-03 8.521814e+00 
1.500000e+04 8.537980e+00 1.000000e-03 8.536237e+00 
1.600000e+04 8.547622e+00 1.000700e-03 8.548642e+00 
1.699860e+04 8.555581e+00 9.999250e-04 8.559344e+00 
1.800015e+04 8.564289e+00 9.993005e-04 8.568646e+00 
1.900000e+04 8.573078e+00 1.000150e-03 8.576712e+00 
