script internal name (ver:210707): multilognorlanglmfit
data-filename:5A
this-filename:fits/5A.fit.01
[[Definition parameters]]
ndist: 1
weight: sep
[[status]]
Fit succeeded.
[[Fit Statistics]]
    # fitting method   = leastsq
    # function evals   = 194
    # data points      = 125
    # variables        = 5
    chi-square         = 14533.1496
    reduced chi-square = 121.109580
    Akaike info crit   = 604.484220
    Bayesian info crit = 618.625789
[[Variables]]
    N0:    5.1247e+16 +/- 1.4800e+15 (2.89%) (init = 1.60953e+17)
    mu0:   9.31684484 +/- 0.07589052 (0.81%) (init = 7.65)
    sig0:  1.15116592 +/- 0.04324245 (3.76%) (init = 1.596)
    C:    -5.8331e-06 +/- 7.8016e-07 (13.37%) (init = -5.088449e-05)
    T:     300 (fixed)
    dc:    0.00340505 +/- 0.00181828 (53.40%) (init = -0.007644697)
[[Correlations]] (unreported correlations are < 0.100)
    C(mu0, sig0) = -0.9901
    C(N0, mu0)   = -0.9647
    C(N0, sig0)  = +0.9181
    C(N0, C)     = -0.8629
    C(mu0, C)    = +0.7662
    C(sig0, C)   = -0.6956
[[Derived Parameters]]
    mean-mu      = 21578+/-1958 mb
    stddev       = 35867+/-5019 mb
    <mu>_mu      = 81196+/-13601 mb
    sum squares  = 7.095432e+01
    m_s          = (1.02553+/-0.09768)e+01 (units)
[[data]]
-1.900000e+04 -1.003024e+01 1.000000e-03 -1.002940e+01 
-1.800000e+04 -1.002280e+01 1.000000e-03 -1.002905e+01 
-1.700000e+04 -1.001843e+01 1.000000e-03 -1.002797e+01 
-1.600000e+04 -1.002012e+01 1.000000e-03 -1.002603e+01 
-1.500000e+04 -1.001875e+01 1.000000e-03 -1.002306e+01 
-1.400000e+04 -1.001883e+01 1.000000e-03 -1.001885e+01 
-1.300000e+04 -1.001617e+01 1.000000e-03 -1.001309e+01 
-1.200000e+04 -1.001091e+01 1.000000e-03 -1.000543e+01 
-1.100000e+04 -9.999702e+00 1.000000e-03 -9.995329e+00 
-1.000000e+04 -9.988889e+00 1.000005e-03 -9.982084e+00 
-9.000010e+03 -9.971846e+00 9.999950e-04 -9.964660e+00 
-7.999990e+03 -9.947263e+00 9.999975e-04 -9.941524e+00 
-7.000005e+03 -9.913414e+00 1.000010e-03 -9.910293e+00 
-6.000010e+03 -9.871530e+00 1.000003e-03 -9.867048e+00 
-5.000010e+03 -9.814765e+00 9.999925e-04 -9.804879e+00 
-3.999995e+03 -9.703536e+00 9.999925e-04 -9.710367e+00 
-2.999995e+03 -9.533101e+00 1.000000e-03 -9.553627e+00 
-1.999995e+03 -9.232846e+00 1.000004e-03 -9.252072e+00 
-1.000003e+03 -8.538136e+00 1.904766e-03 -8.462895e+00 
-9.499970e+02 -8.473040e+00 1.999910e-02 -8.389007e+00 
-8.999985e+02 -8.401374e+00 1.983586e-02 -8.308734e+00 
-8.491695e+02 -8.322009e+00 2.000030e-02 -8.219669e+00 
-8.000000e+02 -8.240881e+00 2.016780e-02 -8.125333e+00 
-7.500015e+02 -8.148640e+00 1.999950e-02 -8.019911e+00 
-6.999975e+02 -8.044316e+00 1.999940e-02 -7.903382e+00 
-6.499985e+02 -7.926103e+00 1.999990e-02 -7.773895e+00 
-5.999970e+02 -7.790153e+00 2.000110e-02 -7.629095e+00 
-5.500040e+02 -7.630593e+00 2.000140e-02 -7.466069e+00 
-5.000040e+02 -7.444207e+00 1.999990e-02 -7.280985e+00 
-4.500035e+02 -7.214210e+00 1.999920e-02 -7.068921e+00 
-4.000000e+02 -6.929513e+00 1.999990e-02 -6.823261e+00 
-3.500030e+02 -6.568723e+00 2.000030e-02 -6.535004e+00 
-3.000015e+02 -6.103245e+00 1.999870e-02 -6.191275e+00 
-2.499965e+02 -5.478837e+00 2.000080e-02 -5.773192e+00 
-2.000055e+02 -4.637720e+00 3.333417e-02 -5.251667e+00 
-1.899980e+02 -4.410505e+00 9.996751e-02 -5.131054e+00 
-1.799990e+02 -4.176963e+00 1.000375e-01 -5.004051e+00 
-1.700055e+02 -3.929517e+00 1.000025e-01 -4.870044e+00 
-1.599995e+02 -3.667626e+00 9.996251e-02 -4.728119e+00 
-1.499980e+02 -3.390389e+00 9.999250e-02 -4.577747e+00 
-1.399980e+02 -3.101844e+00 9.998000e-02 -4.418017e+00 
-1.299940e+02 -2.806519e+00 1.000375e-01 -4.247831e+00 
-1.200055e+02 -2.514752e+00 1.000275e-01 -4.066371e+00 
-1.099995e+02 -2.236251e+00 9.992905e-02 -3.871663e+00 
-9.999130e+01 -1.962458e+00 1.000255e-01 -3.662346e+00 
-9.000460e+01 -1.713764e+00 1.000593e-01 -3.437027e+00 
-8.000315e+01 -1.485214e+00 9.997251e-02 -3.192575e+00 
-6.999910e+01 -1.268554e+00 9.999125e-02 -2.926389e+00 
-6.000140e+01 -1.078849e+00 1.000133e-01 -2.635187e+00 
-5.000175e+01 -9.014777e-01 1.000168e-01 -2.314294e+00 
-4.000475e+01 -7.348076e-01 9.996501e-02 -1.958151e+00 
-2.999475e+01 -5.774290e-01 9.999450e-02 -1.558653e+00 
-2.000365e+01 -4.273499e-01 1.668071e-01 -1.107186e+00 
-1.800485e+01 -3.911100e-01 4.996502e-01 -1.009458e+00 
-1.600085e+01 -3.588184e-01 4.987593e-01 -9.087298e-01 
-1.399490e+01 -3.268420e-01 5.004441e-01 -8.050321e-01 
-1.200440e+01 -2.949547e-01 5.003959e-01 -6.991779e-01 
-9.998065e+00 -2.632542e-01 4.995198e-01 -5.893963e-01 
-8.000555e+00 -2.221964e-01 5.003997e-01 -4.769382e-01 
-6.001260e+00 -1.937453e-01 4.996958e-01 -3.611884e-01 
-3.998120e+00 -1.543406e-01 5.001926e-01 -2.420790e-01 
-2.002800e+00 -1.074909e-01 5.000413e-01 -1.205900e-01 
1.549305e-03 -2.825634e-02 5.002464e-01 3.501332e-03 
1.995230e+00 5.040600e-02 5.007473e-01 1.269345e-01 
3.995580e+00 9.693792e-02 4.997133e-01 2.487362e-01 
5.997525e+00 1.358534e-01 5.001488e-01 3.677793e-01 
7.994390e+00 1.713553e-01 4.994550e-01 4.833963e-01 
1.000189e+01 2.057807e-01 4.994805e-01 5.964187e-01 
1.199855e+01 2.392175e-01 5.001238e-01 7.056724e-01 
1.400090e+01 2.702992e-01 4.991639e-01 8.121568e-01 
1.600525e+01 3.028934e-01 5.001063e-01 9.157642e-01 
1.800005e+01 3.340173e-01 5.006446e-01 1.016030e+00 
2.000010e+01 3.680850e-01 1.667535e-01 1.113825e+00 
2.999380e+01 5.231533e-01 1.000038e-01 1.565423e+00 
3.999935e+01 6.797382e-01 9.996226e-02 1.964758e+00 
5.000135e+01 8.481436e-01 9.997825e-02 2.321091e+00 
6.000370e+01 1.027456e+00 1.000005e-01 2.642067e+00 
7.000125e+01 1.222454e+00 1.000500e-01 2.933258e+00 
7.999370e+01 1.432233e+00 9.999400e-02 3.199144e+00 
9.000245e+01 1.674109e+00 9.996726e-02 3.443786e+00 
1.000002e+02 1.927362e+00 1.000198e-01 3.669350e+00 
1.099985e+02 2.211348e+00 1.000038e-01 3.878453e+00 
1.199995e+02 2.490486e+00 9.999000e-02 4.073069e+00 
1.300005e+02 2.786906e+00 9.999000e-02 4.254755e+00 
1.400015e+02 3.086316e+00 1.000300e-01 4.424885e+00 
1.499945e+02 3.377071e+00 9.998250e-02 4.584503e+00 
1.600050e+02 3.683232e+00 9.997501e-02 4.735010e+00 
1.699995e+02 3.927680e+00 1.000175e-01 4.876772e+00 
1.800015e+02 4.171176e+00 1.000025e-01 5.010893e+00 
1.899990e+02 4.404969e+00 1.000125e-01 5.137877e+00 
1.999990e+02 4.632316e+00 3.333472e-02 5.258401e+00 
2.499965e+02 5.473602e+00 2.000080e-02 5.780002e+00 
2.999950e+02 6.100393e+00 1.999800e-02 6.198036e+00 
3.500065e+02 6.566776e+00 1.999920e-02 6.541836e+00 
3.999990e+02 6.933917e+00 2.000080e-02 6.830066e+00 
4.500025e+02 7.214704e+00 2.000100e-02 7.075726e+00 
4.999940e+02 7.444722e+00 2.000070e-02 7.287755e+00 
5.499990e+02 7.631703e+00 1.999990e-02 7.472861e+00 
5.999945e+02 7.786681e+00 1.999940e-02 7.635897e+00 
6.500020e+02 7.924636e+00 1.999790e-02 7.780715e+00 
7.000050e+02 8.046419e+00 2.000100e-02 7.910211e+00 
7.499970e+02 8.149990e+00 2.000080e-02 8.026711e+00 
8.000010e+02 8.242666e+00 1.999940e-02 8.132145e+00 
8.500000e+02 8.325760e+00 1.999990e-02 8.228001e+00 
9.000015e+02 8.402962e+00 2.000120e-02 8.315549e+00 
9.499940e+02 8.474687e+00 1.999930e-02 8.395813e+00 
1.000005e+03 8.535577e+00 1.904751e-03 8.469708e+00 
2.000000e+03 9.236756e+00 9.999950e-04 9.258884e+00 
3.000015e+03 9.534332e+00 9.999975e-04 9.560441e+00 
4.000005e+03 9.708735e+00 1.000008e-03 9.717178e+00 
5.000000e+03 9.819249e+00 1.000003e-03 9.811689e+00 
6.000000e+03 9.876470e+00 1.000000e-03 9.873858e+00 
7.000000e+03 9.920973e+00 9.999975e-04 9.917103e+00 
8.000005e+03 9.954167e+00 1.000000e-03 9.948335e+00 
9.000000e+03 9.978849e+00 1.000005e-03 9.971470e+00 
9.999995e+03 9.995933e+00 1.000000e-03 9.988894e+00 
1.100000e+04 1.000810e+01 9.999975e-04 1.000214e+01 
1.200000e+04 1.001829e+01 1.000000e-03 1.001224e+01 
1.300000e+04 1.002444e+01 1.000025e-03 1.001990e+01 
1.399995e+04 1.002911e+01 1.000000e-03 1.002566e+01 
1.500000e+04 1.002849e+01 9.999750e-04 1.002987e+01 
1.600000e+04 1.002998e+01 1.000000e-03 1.003284e+01 
1.700000e+04 1.002956e+01 1.000000e-03 1.003478e+01 
1.800000e+04 1.003075e+01 9.999750e-04 1.003586e+01 
1.900005e+04 1.003444e+01 9.999500e-04 1.003621e+01 
