script internal name (ver:210707): multilognorlanglmfit
data-filename:5A
this-filename:fits/5A.fit.00
[[Definition parameters]]
ndist: 1
weight: sep
[[status]]
Fit succeeded.
[[Fit Statistics]]
    # fitting method   = leastsq
    # function evals   = 194
    # data points      = 125
    # variables        = 5
    chi-square         = 36.6241184
    reduced chi-square = 0.30520099
    Akaike info crit   = -143.450843
    Bayesian info crit = -129.309274
[[Variables]]
    N0:    2.5726e+15 +/- 7.4296e+13 (2.89%) (init = 8.079839e+15)
    mu0:   9.31684484 +/- 0.07589051 (0.81%) (init = 7.65)
    sig0:  1.15116593 +/- 0.04324244 (3.76%) (init = 1.596)
    C:    -2.9282e-07 +/- 3.9164e-08 (13.37%) (init = -2.554401e-06)
    T:     300 (fixed)
    dc:    1.7093e-04 +/- 9.1278e-05 (53.40%) (init = -0.0003837638)
[[Correlations]] (unreported correlations are < 0.100)
    C(mu0, sig0) = -0.9901
    C(N0, mu0)   = -0.9647
    C(N0, sig0)  = +0.9181
    C(N0, C)     = -0.8629
    C(mu0, C)    = +0.7662
    C(sig0, C)   = -0.6956
[[Derived Parameters]]
    mean-mu      = 21578+/-1958 mb
    stddev       = 35867+/-5019 mb
    <mu>_mu      = 81196+/-13601 mb
    sum squares  = 1.788077e-01
    m_s          = (5.1481+/-0.4903)e-01 (units)
[[data]]
-1.900000e+04 -5.035179e-01 1.000000e-03 -5.034760e-01 
-1.800000e+04 -5.031444e-01 1.000000e-03 -5.034583e-01 
-1.700000e+04 -5.029253e-01 1.000000e-03 -5.034042e-01 
-1.600000e+04 -5.030100e-01 1.000000e-03 -5.033069e-01 
-1.500000e+04 -5.029412e-01 1.000000e-03 -5.031578e-01 
-1.400000e+04 -5.029452e-01 1.000000e-03 -5.029461e-01 
-1.300000e+04 -5.028118e-01 1.000000e-03 -5.026573e-01 
-1.200000e+04 -5.025478e-01 1.000000e-03 -5.022724e-01 
-1.100000e+04 -5.019851e-01 1.000000e-03 -5.017655e-01 
-1.000000e+04 -5.014422e-01 1.000005e-03 -5.011006e-01 
-9.000010e+03 -5.005867e-01 9.999950e-04 -5.002260e-01 
-7.999990e+03 -4.993526e-01 9.999975e-04 -4.990645e-01 
-7.000005e+03 -4.976534e-01 1.000010e-03 -4.974967e-01 
-6.000010e+03 -4.955508e-01 1.000003e-03 -4.953258e-01 
-5.000010e+03 -4.927012e-01 9.999925e-04 -4.922050e-01 
-3.999995e+03 -4.871175e-01 9.999925e-04 -4.874604e-01 
-2.999995e+03 -4.785617e-01 1.000000e-03 -4.795921e-01 
-1.999995e+03 -4.634889e-01 1.000004e-03 -4.644540e-01 
-1.000003e+03 -4.286144e-01 1.904766e-03 -4.248373e-01 
-9.499970e+02 -4.253466e-01 1.999910e-02 -4.211282e-01 
-8.999985e+02 -4.217490e-01 1.983586e-02 -4.170984e-01 
-8.491695e+02 -4.177648e-01 2.000030e-02 -4.126274e-01 
-8.000000e+02 -4.136922e-01 2.016780e-02 -4.078917e-01 
-7.500015e+02 -4.090617e-01 1.999950e-02 -4.025995e-01 
-6.999975e+02 -4.038247e-01 1.999940e-02 -3.967498e-01 
-6.499985e+02 -3.978904e-01 1.999990e-02 -3.902495e-01 
-5.999970e+02 -3.910657e-01 2.000110e-02 -3.829806e-01 
-5.500040e+02 -3.830558e-01 2.000140e-02 -3.747966e-01 
-5.000040e+02 -3.736992e-01 1.999990e-02 -3.655054e-01 
-4.500035e+02 -3.621533e-01 1.999920e-02 -3.548598e-01 
-4.000000e+02 -3.478616e-01 1.999990e-02 -3.425277e-01 
-3.500030e+02 -3.297499e-01 2.000030e-02 -3.280572e-01 
-3.000015e+02 -3.063829e-01 1.999870e-02 -3.108020e-01 
-2.499965e+02 -2.750376e-01 2.000080e-02 -2.898142e-01 
-2.000055e+02 -2.328136e-01 3.333417e-02 -2.636337e-01 
-1.899980e+02 -2.214074e-01 9.996751e-02 -2.575789e-01 
-1.799990e+02 -2.096836e-01 1.000375e-01 -2.512033e-01 
-1.700055e+02 -1.972617e-01 1.000025e-01 -2.444762e-01 
-1.599995e+02 -1.841148e-01 9.996251e-02 -2.373516e-01 
-1.499980e+02 -1.701975e-01 9.999250e-02 -2.298029e-01 
-1.399980e+02 -1.557125e-01 9.998000e-02 -2.217845e-01 
-1.299940e+02 -1.408872e-01 1.000375e-01 -2.132411e-01 
-1.200055e+02 -1.262406e-01 1.000275e-01 -2.041318e-01 
-1.099995e+02 -1.122598e-01 9.992905e-02 -1.943575e-01 
-9.999130e+01 -9.851539e-02 1.000255e-01 -1.838498e-01 
-9.000460e+01 -8.603094e-02 1.000593e-01 -1.725387e-01 
-8.000315e+01 -7.455773e-02 9.997251e-02 -1.602673e-01 
-6.999910e+01 -6.368140e-02 9.999125e-02 -1.469047e-01 
-6.000140e+01 -5.415823e-02 1.000133e-01 -1.322864e-01 
-5.000175e+01 -4.525418e-02 1.000168e-01 -1.161776e-01 
-4.000475e+01 -3.688734e-02 9.996501e-02 -9.829919e-02 
-2.999475e+01 -2.898694e-02 9.999450e-02 -7.824438e-02 
-2.000365e+01 -2.145296e-02 1.668071e-01 -5.558074e-02 
-1.800485e+01 -1.963372e-02 4.996502e-01 -5.067477e-02 
-1.600085e+01 -1.801268e-02 4.987593e-01 -4.561824e-02 
-1.399490e+01 -1.640747e-02 5.004441e-01 -4.041261e-02 
-1.200440e+01 -1.480673e-02 5.003959e-01 -3.509873e-02 
-9.998065e+00 -1.321536e-02 4.995198e-01 -2.958770e-02 
-8.000555e+00 -1.115426e-02 5.003997e-01 -2.394230e-02 
-6.001260e+00 -9.726013e-03 4.996958e-01 -1.813166e-02 
-3.998120e+00 -7.747899e-03 5.001926e-01 -1.215237e-02 
-2.002800e+00 -5.396044e-03 5.000413e-01 -6.053617e-03 
1.549305e-03 -1.418468e-03 5.002464e-01 1.757668e-04 
1.995230e+00 2.530381e-03 5.007473e-01 6.372112e-03 
3.995580e+00 4.866284e-03 4.997133e-01 1.248656e-02 
5.997525e+00 6.819840e-03 5.001488e-01 1.846252e-02 
7.994390e+00 8.602036e-03 4.994550e-01 2.426649e-02 
1.000189e+01 1.033019e-02 4.994805e-01 2.994022e-02 
1.199855e+01 1.200872e-02 5.001238e-01 3.542476e-02 
1.400090e+01 1.356902e-02 4.991639e-01 4.077027e-02 
1.600525e+01 1.520525e-02 5.001063e-01 4.597136e-02 
1.800005e+01 1.676767e-02 5.006446e-01 5.100469e-02 
2.000010e+01 1.847787e-02 1.667535e-01 5.591401e-02 
2.999380e+01 2.626230e-02 1.000038e-01 7.858423e-02 
3.999935e+01 3.412286e-02 9.996226e-02 9.863086e-02 
5.000135e+01 4.257681e-02 9.997825e-02 1.165188e-01 
6.000370e+01 5.157831e-02 1.000005e-01 1.326318e-01 
7.000125e+01 6.136720e-02 1.000500e-01 1.472496e-01 
7.999370e+01 7.189811e-02 9.999400e-02 1.605970e-01 
9.000245e+01 8.404029e-02 9.996726e-02 1.728781e-01 
1.000002e+02 9.675356e-02 1.000198e-01 1.842014e-01 
1.099985e+02 1.110097e-01 1.000038e-01 1.946984e-01 
1.199995e+02 1.250224e-01 9.999000e-02 2.044680e-01 
1.300005e+02 1.399027e-01 9.999000e-02 2.135887e-01 
1.400015e+02 1.549331e-01 1.000300e-01 2.221292e-01 
1.499945e+02 1.695290e-01 9.998250e-02 2.301420e-01 
1.600050e+02 1.848983e-01 9.997501e-02 2.376975e-01 
1.699995e+02 1.971696e-01 1.000175e-01 2.448139e-01 
1.800015e+02 2.093930e-01 1.000025e-01 2.515468e-01 
1.899990e+02 2.211294e-01 1.000125e-01 2.579214e-01 
1.999990e+02 2.325423e-01 3.333472e-02 2.639717e-01 
2.499965e+02 2.747748e-01 2.000080e-02 2.901561e-01 
2.999950e+02 3.062397e-01 1.999800e-02 3.111414e-01 
3.500065e+02 3.296521e-01 1.999920e-02 3.284002e-01 
3.999990e+02 3.480826e-01 2.000080e-02 3.428693e-01 
4.500025e+02 3.621781e-01 2.000100e-02 3.552015e-01 
4.999940e+02 3.737251e-01 2.000070e-02 3.658453e-01 
5.499990e+02 3.831115e-01 1.999990e-02 3.751376e-01 
5.999945e+02 3.908914e-01 1.999940e-02 3.833221e-01 
6.500020e+02 3.978167e-01 1.999790e-02 3.905919e-01 
7.000050e+02 4.039302e-01 2.000100e-02 3.970926e-01 
7.499970e+02 4.091295e-01 2.000080e-02 4.029409e-01 
8.000010e+02 4.137818e-01 1.999940e-02 4.082337e-01 
8.500000e+02 4.179532e-01 1.999990e-02 4.130456e-01 
9.000015e+02 4.218287e-01 2.000120e-02 4.174405e-01 
9.499940e+02 4.254293e-01 1.999930e-02 4.214698e-01 
1.000005e+03 4.284860e-01 1.904751e-03 4.251794e-01 
2.000000e+03 4.636852e-01 9.999950e-04 4.647960e-01 
3.000015e+03 4.786235e-01 9.999975e-04 4.799341e-01 
4.000005e+03 4.873785e-01 1.000008e-03 4.878024e-01 
5.000000e+03 4.929263e-01 1.000003e-03 4.925468e-01 
6.000000e+03 4.957988e-01 1.000000e-03 4.956677e-01 
7.000000e+03 4.980329e-01 9.999975e-04 4.978386e-01 
8.000005e+03 4.996992e-01 1.000000e-03 4.994064e-01 
9.000000e+03 5.009382e-01 1.000005e-03 5.005678e-01 
9.999995e+03 5.017958e-01 1.000000e-03 5.014425e-01 
1.100000e+04 5.024064e-01 9.999975e-04 5.021074e-01 
1.200000e+04 5.029183e-01 1.000000e-03 5.026143e-01 
1.300000e+04 5.032271e-01 1.000025e-03 5.029992e-01 
1.399995e+04 5.034611e-01 1.000000e-03 5.032879e-01 
1.500000e+04 5.034303e-01 9.999750e-04 5.034997e-01 
1.600000e+04 5.035050e-01 1.000000e-03 5.036487e-01 
1.700000e+04 5.034841e-01 1.000000e-03 5.037460e-01 
1.800000e+04 5.035438e-01 9.999750e-04 5.038002e-01 
1.900005e+04 5.037291e-01 9.999500e-04 5.038179e-01 
