script internal name (ver:210707): multilognorlanglmfit
data-filename:7A
this-filename:fits/7A.fit.00
[[Definition parameters]]
ndist: 1
weight: sep
[[status]]
Fit succeeded.
[[Fit Statistics]]
    # fitting method   = leastsq
    # function evals   = 262
    # data points      = 125
    # variables        = 5
    chi-square         = 127.439961
    reduced chi-square = 1.06199968
    Akaike info crit   = 12.4164533
    Bayesian info crit = 26.5580219
[[Variables]]
    N0:    2.5831e+15 +/- 7.4821e+13 (2.90%) (init = 9.708743e+15)
    mu0:   9.76715733 +/- 0.08352806 (0.86%) (init = 7.65)
    sig0:  0.87177903 +/- 0.06815849 (7.82%) (init = 1.596)
    C:     2.1915e-06 +/- 5.9787e-08 (2.73%) (init = -9.572851e-07)
    T:     300 (fixed)
    dc:   -7.1539e-04 +/- 1.7027e-04 (23.80%) (init = -0.0001939479)
[[Correlations]] (unreported correlations are < 0.100)
    C(mu0, sig0) = -0.9827
    C(N0, mu0)   = -0.9126
    C(N0, C)     = -0.8238
    C(N0, sig0)  = +0.8211
    C(mu0, C)    = +0.6771
    C(sig0, C)   = -0.5771
[[Derived Parameters]]
    mean-mu      = 25518+/-2616 mb
    stddev       = 27226+/-5182 mb
    <mu>_mu      = 54565+/-10742 mb
    sum squares  = 5.705996e-02
    m_s          = (6.1130+/-0.6512)e-01 (units)
[[data]]
-1.900000e+04 -6.479446e-01 1.000000e-03 -6.480271e-01 
-1.800000e+04 -6.454614e-01 1.000000e-03 -6.455228e-01 
-1.700000e+04 -6.441099e-01 1.000000e-03 -6.429816e-01 
-1.600000e+04 -6.424990e-01 1.000000e-03 -6.403968e-01 
-1.500000e+04 -6.401515e-01 1.000000e-03 -6.377596e-01 
-1.400000e+04 -6.372366e-01 1.000000e-03 -6.350586e-01 
-1.300000e+04 -6.343564e-01 1.000000e-03 -6.322794e-01 
-1.200000e+04 -6.311020e-01 1.000000e-03 -6.294022e-01 
-1.100000e+04 -6.278099e-01 9.999975e-04 -6.264005e-01 
-9.999995e+03 -6.240366e-01 1.000008e-03 -6.232368e-01 
-9.000015e+03 -6.202644e-01 9.999975e-04 -6.198574e-01 
-7.999990e+03 -6.126228e-01 9.999950e-04 -6.161813e-01 
-7.000005e+03 -6.090228e-01 1.000010e-03 -6.120823e-01 
-6.000010e+03 -6.046752e-01 1.000008e-03 -6.073497e-01 
-5.000020e+03 -5.997218e-01 1.000000e-03 -6.016066e-01 
-4.000010e+03 -5.931792e-01 9.999725e-04 -5.941052e-01 
-2.999965e+03 -5.814344e-01 9.999975e-04 -5.831288e-01 
-2.000005e+03 -5.625762e-01 1.000019e-03 -5.637188e-01 
-1.000003e+03 -5.171701e-01 1.904767e-03 -5.137473e-01 
-9.500080e+02 -5.120545e-01 1.999990e-02 -5.089811e-01 
-9.000025e+02 -5.072128e-01 1.999790e-02 -5.037797e-01 
-8.499975e+02 -5.009495e-01 1.999920e-02 -4.980822e-01 
-7.999985e+02 -4.948495e-01 2.000070e-02 -4.918150e-01 
-7.500010e+02 -4.882059e-01 2.000000e-02 -4.848882e-01 
-6.999985e+02 -4.808336e-01 2.000120e-02 -4.771917e-01 
-6.500070e+02 -4.719732e-01 2.000130e-02 -4.685939e-01 
-6.000050e+02 -4.621751e-01 1.999850e-02 -4.589242e-01 
-5.499995e+02 -4.511590e-01 1.999900e-02 -4.479732e-01 
-5.000000e+02 -4.380422e-01 2.000000e-02 -4.354748e-01 
-4.499995e+02 -4.223998e-01 1.999920e-02 -4.210790e-01 
-3.999960e+02 -4.031689e-01 2.000040e-02 -4.043250e-01 
-3.500015e+02 -3.803069e-01 2.000020e-02 -3.845967e-01 
-2.999970e+02 -3.520692e-01 1.999970e-02 -3.610284e-01 
-2.500000e+02 -3.169491e-01 1.999990e-02 -3.324074e-01 
-1.999965e+02 -2.734674e-01 3.333278e-02 -2.969275e-01 
-1.899990e+02 -2.608298e-01 1.000475e-01 -2.887920e-01 
-1.800060e+02 -2.486226e-01 1.000450e-01 -2.802531e-01 
-1.700080e+02 -2.360347e-01 9.998000e-02 -2.712714e-01 
-1.600020e+02 -2.231801e-01 9.996751e-02 -2.618092e-01 
-1.500015e+02 -2.102268e-01 9.997501e-02 -2.518412e-01 
-1.399970e+02 -1.969620e-01 9.996501e-02 -2.413160e-01 
-1.299945e+02 -1.835057e-01 9.998500e-02 -2.301935e-01 
-1.199940e+02 -1.699829e-01 1.000400e-01 -2.184223e-01 
-1.100025e+02 -1.564176e-01 1.000400e-01 -2.059545e-01 
-1.000020e+02 -1.430413e-01 1.000168e-01 -1.927041e-01 
-9.000585e+01 -1.299411e-01 1.000008e-01 -1.786178e-01 
-8.000215e+01 -1.173081e-01 9.998925e-02 -1.636001e-01 
-7.000370e+01 -1.036959e-01 9.998350e-02 -1.475845e-01 
-5.999885e+01 -9.141929e-02 9.995452e-02 -1.304592e-01 
-4.999460e+01 -7.961994e-02 1.000128e-01 -1.121377e-01 
-4.000140e+01 -6.745539e-02 1.000545e-01 -9.254456e-02 
-3.000550e+01 -5.702701e-02 9.994103e-02 -7.157138e-02 
-1.998960e+01 -4.669973e-02 1.666868e-01 -4.913743e-02 
-1.800695e+01 -4.380372e-02 5.012154e-01 -4.453135e-02 
-1.599930e+01 -4.123693e-02 4.995005e-01 -3.981413e-02 
-1.400295e+01 -3.879565e-02 5.000813e-01 -3.507246e-02 
-1.199995e+01 -3.637105e-02 4.994306e-01 -3.026649e-02 
-9.998390e+00 -3.391002e-02 4.998719e-01 -2.541875e-02 
-7.998925e+00 -3.127296e-02 4.988278e-01 -2.053514e-02 
-5.988990e+00 -2.828319e-02 5.001619e-01 -1.559005e-02 
-4.000220e+00 -2.443039e-02 5.012889e-01 -1.066817e-02 
-1.999275e+00 -1.816637e-02 5.000557e-01 -5.695271e-03 
-6.657300e-04 5.900484e-04 4.991496e-01 -7.170483e-04 
2.007540e+00 1.832735e-02 4.994730e-01 4.285063e-03 
4.003555e+00 2.440814e-02 5.007467e-01 9.245661e-03 
6.001575e+00 2.822375e-02 5.010641e-01 1.419034e-02 
7.995060e+00 3.120733e-02 5.008151e-01 1.909488e-02 
9.995065e+00 3.383418e-02 4.994144e-01 2.397988e-02 
1.199975e+01 3.630502e-02 4.993777e-01 2.883523e-02 
1.400005e+01 3.874405e-02 4.993197e-01 3.363476e-02 
1.600520e+01 4.119450e-02 4.998813e-01 3.839729e-02 
1.800100e+01 4.376775e-02 5.009957e-01 4.308667e-02 
1.999725e+01 4.663955e-02 1.667153e-01 4.772432e-02 
2.999750e+01 5.699115e-02 9.994353e-02 7.012325e-02 
4.000855e+01 6.744300e-02 9.999000e-02 9.112828e-02 
4.999950e+01 7.943089e-02 1.000063e-01 1.107162e-01 
6.000730e+01 9.098017e-02 1.000263e-01 1.290434e-01 
6.999425e+01 1.029714e-01 1.000350e-01 1.461381e-01 
8.000030e+01 1.161676e-01 9.991532e-02 1.621665e-01 
9.001120e+01 1.280162e-01 1.000275e-01 1.771948e-01 
9.999480e+01 1.435376e-01 1.000786e-01 1.912635e-01 
1.099955e+02 1.568170e-01 9.997401e-02 2.045147e-01 
1.200000e+02 1.701702e-01 9.997501e-02 2.169988e-01 
1.300005e+02 1.836243e-01 1.000075e-01 2.287696e-01 
1.399985e+02 1.971173e-01 1.000275e-01 2.398869e-01 
1.499950e+02 2.106184e-01 9.998250e-02 2.504037e-01 
1.600020e+02 2.237327e-01 1.000125e-01 2.603784e-01 
1.699925e+02 2.366771e-01 1.000150e-01 2.698263e-01 
1.799990e+02 2.491446e-01 9.997751e-02 2.788162e-01 
1.899970e+02 2.613183e-01 9.999500e-02 2.873596e-01 
2.000000e+02 2.738543e-01 3.333083e-02 2.954995e-01 
2.500015e+02 3.172603e-01 2.000030e-02 3.309776e-01 
2.999985e+02 3.524270e-01 1.999960e-02 3.595984e-01 
3.500035e+02 3.808761e-01 2.000000e-02 3.831668e-01 
3.999985e+02 4.042741e-01 2.000080e-02 4.028951e-01 
4.499995e+02 4.229257e-01 1.999880e-02 4.196482e-01 
5.000045e+02 4.383940e-01 2.000010e-02 4.340452e-01 
5.499990e+02 4.513949e-01 2.000190e-02 4.465423e-01 
5.999950e+02 4.625485e-01 1.999910e-02 4.574913e-01 
6.500035e+02 4.723048e-01 1.999870e-02 4.671625e-01 
7.000015e+02 4.807642e-01 2.000060e-02 4.757614e-01 
7.500005e+02 4.879643e-01 2.000050e-02 4.834574e-01 
7.999990e+02 4.947247e-01 2.000010e-02 4.903843e-01 
8.500000e+02 5.007891e-01 2.000200e-02 4.966517e-01 
8.999890e+02 5.063762e-01 1.999990e-02 5.023474e-01 
9.500005e+02 5.116060e-01 1.999810e-02 5.075495e-01 
9.999985e+02 5.166324e-01 1.904772e-03 5.123161e-01 
1.999995e+03 5.606376e-01 9.999643e-04 5.622877e-01 
3.000070e+03 5.815562e-01 9.999950e-04 5.816995e-01 
4.000005e+03 5.942099e-01 1.000030e-03 5.926743e-01 
5.000010e+03 6.028356e-01 9.999975e-04 6.001757e-01 
6.000010e+03 6.071881e-01 1.000000e-03 6.059189e-01 
7.000010e+03 6.130327e-01 1.000005e-03 6.106516e-01 
8.000000e+03 6.169238e-01 1.000008e-03 6.147506e-01 
8.999995e+03 6.203069e-01 1.000000e-03 6.184265e-01 
1.000000e+04 6.223317e-01 9.999975e-04 6.218060e-01 
1.100000e+04 6.237574e-01 1.000000e-03 6.249697e-01 
1.200000e+04 6.266901e-01 1.000000e-03 6.279714e-01 
1.300000e+04 6.300317e-01 1.000000e-03 6.308486e-01 
1.400000e+04 6.329139e-01 1.000000e-03 6.336279e-01 
1.500000e+04 6.355871e-01 1.000000e-03 6.363288e-01 
1.600000e+04 6.380851e-01 1.000000e-03 6.389660e-01 
1.700000e+04 6.399040e-01 1.000025e-03 6.415509e-01 
1.799995e+04 6.417536e-01 1.000100e-03 6.440919e-01 
1.899980e+04 6.443950e-01 1.000150e-03 6.465958e-01 
