script internal name (ver:210707): multilognorlanglmfit
data-filename:7A
this-filename:fits/7A.fit.01
[[Definition parameters]]
ndist: 1
weight: sep
[[status]]
Fit succeeded.
[[Fit Statistics]]
    # fitting method   = leastsq
    # function evals   = 262
    # data points      = 125
    # variables        = 5
    chi-square         = 49971.5563
    reduced chi-square = 416.429636
    Akaike info crit   = 758.861939
    Bayesian info crit = 773.003508
[[Variables]]
    N0:    5.1150e+16 +/- 1.4816e+15 (2.90%) (init = 1.922523e+17)
    mu0:   9.76715731 +/- 0.08352807 (0.86%) (init = 7.65)
    sig0:  0.87177905 +/- 0.06815849 (7.82%) (init = 1.596)
    C:     4.3397e-05 +/- 1.1839e-06 (2.73%) (init = -1.895614e-05)
    T:     300 (fixed)
    dc:   -0.01416613 +/- 0.00337168 (23.80%) (init = -0.003840553)
[[Correlations]] (unreported correlations are < 0.100)
    C(mu0, sig0) = -0.9827
    C(N0, mu0)   = -0.9126
    C(N0, C)     = -0.8238
    C(N0, sig0)  = +0.8211
    C(mu0, C)    = +0.6771
    C(sig0, C)   = -0.5771
[[Derived Parameters]]
    mean-mu      = 25518+/-2616 mb
    stddev       = 27226+/-5182 mb
    <mu>_mu      = 54565+/-10742 mb
    sum squares  = 2.237426e+01
    m_s          = (1.2105+/-0.1289)e+01 (units)
[[data]]
-1.900000e+04 -1.283059e+01 1.000000e-03 -1.283222e+01 
-1.800000e+04 -1.278141e+01 1.000000e-03 -1.278263e+01 
-1.700000e+04 -1.275465e+01 1.000000e-03 -1.273231e+01 
-1.600000e+04 -1.272275e+01 1.000000e-03 -1.268113e+01 
-1.500000e+04 -1.267627e+01 1.000000e-03 -1.262890e+01 
-1.400000e+04 -1.261855e+01 1.000000e-03 -1.257542e+01 
-1.300000e+04 -1.256151e+01 1.000000e-03 -1.252038e+01 
-1.200000e+04 -1.249707e+01 1.000000e-03 -1.246341e+01 
-1.100000e+04 -1.243188e+01 9.999975e-04 -1.240397e+01 
-9.999995e+03 -1.235716e+01 1.000008e-03 -1.234132e+01 
-9.000015e+03 -1.228246e+01 9.999975e-04 -1.227440e+01 
-7.999990e+03 -1.213114e+01 9.999950e-04 -1.220161e+01 
-7.000005e+03 -1.205986e+01 1.000010e-03 -1.212044e+01 
-6.000010e+03 -1.197377e+01 1.000008e-03 -1.202673e+01 
-5.000020e+03 -1.187568e+01 1.000000e-03 -1.191300e+01 
-4.000010e+03 -1.174612e+01 9.999725e-04 -1.176446e+01 
-2.999965e+03 -1.151355e+01 9.999975e-04 -1.154711e+01 
-2.000005e+03 -1.114012e+01 1.000019e-03 -1.116275e+01 
-1.000003e+03 -1.024099e+01 1.904767e-03 -1.017321e+01 
-9.500080e+02 -1.013969e+01 1.999990e-02 -1.007883e+01 
-9.000025e+02 -1.004382e+01 1.999790e-02 -9.975835e+00 
-8.499975e+02 -9.919793e+00 1.999920e-02 -9.863013e+00 
-7.999985e+02 -9.799000e+00 2.000070e-02 -9.738912e+00 
-7.500010e+02 -9.667444e+00 2.000000e-02 -9.601747e+00 
-6.999985e+02 -9.521458e+00 2.000120e-02 -9.449341e+00 
-6.500070e+02 -9.346005e+00 2.000130e-02 -9.279087e+00 
-6.000050e+02 -9.151983e+00 1.999850e-02 -9.087608e+00 
-5.499995e+02 -8.933842e+00 1.999900e-02 -8.870757e+00 
-5.000000e+02 -8.674103e+00 2.000000e-02 -8.623263e+00 
-4.499995e+02 -8.364353e+00 1.999920e-02 -8.338198e+00 
-3.999960e+02 -7.983543e+00 2.000040e-02 -8.006436e+00 
-3.500015e+02 -7.530829e+00 2.000020e-02 -7.615776e+00 
-2.999970e+02 -6.971668e+00 1.999970e-02 -7.149078e+00 
-2.500000e+02 -6.276220e+00 1.999990e-02 -6.582325e+00 
-1.999965e+02 -5.415195e+00 3.333278e-02 -5.879752e+00 
-1.899990e+02 -5.164946e+00 1.000475e-01 -5.718654e+00 
-1.800060e+02 -4.923220e+00 1.000450e-01 -5.549566e+00 
-1.700080e+02 -4.673954e+00 9.998000e-02 -5.371711e+00 
-1.600020e+02 -4.419408e+00 9.996751e-02 -5.184340e+00 
-1.500015e+02 -4.162907e+00 9.997501e-02 -4.986954e+00 
-1.399970e+02 -3.900237e+00 9.996501e-02 -4.778536e+00 
-1.299945e+02 -3.633776e+00 9.998500e-02 -4.558287e+00 
-1.199940e+02 -3.365999e+00 1.000400e-01 -4.325194e+00 
-1.100025e+02 -3.097378e+00 1.000400e-01 -4.078307e+00 
-1.000020e+02 -2.832500e+00 1.000168e-01 -3.815924e+00 
-9.000585e+01 -2.573091e+00 1.000008e-01 -3.536986e+00 
-8.000215e+01 -2.322934e+00 9.998925e-02 -3.239607e+00 
-7.000370e+01 -2.053385e+00 9.998350e-02 -2.922465e+00 
-5.999885e+01 -1.810283e+00 9.995452e-02 -2.583351e+00 
-4.999460e+01 -1.576632e+00 1.000128e-01 -2.220549e+00 
-4.000140e+01 -1.335750e+00 1.000545e-01 -1.832566e+00 
-3.000550e+01 -1.129248e+00 9.994103e-02 -1.417255e+00 
-1.998960e+01 -9.247471e-01 1.666868e-01 -9.730185e-01 
-1.800695e+01 -8.674003e-01 5.012154e-01 -8.818090e-01 
-1.599930e+01 -8.165728e-01 4.995005e-01 -7.883986e-01 
-1.400295e+01 -7.682307e-01 5.000813e-01 -6.945043e-01 
-1.199995e+01 -7.202188e-01 4.994306e-01 -5.993365e-01 
-9.998390e+00 -6.714855e-01 4.998719e-01 -5.033415e-01 
-7.998925e+00 -6.192665e-01 4.988278e-01 -4.066364e-01 
-5.988990e+00 -5.600631e-01 5.001619e-01 -3.087140e-01 
-4.000220e+00 -4.837701e-01 5.012889e-01 -2.112508e-01 
-1.999275e+00 -3.597302e-01 5.000557e-01 -1.127776e-01 
-6.657300e-04 1.168413e-02 4.991496e-01 -1.419898e-02 
2.007540e+00 3.629178e-01 4.994730e-01 8.485273e-02 
4.003555e+00 4.833295e-01 5.007467e-01 1.830824e-01 
6.001575e+00 5.588861e-01 5.010641e-01 2.809968e-01 
7.995060e+00 6.179670e-01 5.008151e-01 3.781165e-01 
9.995065e+00 6.699838e-01 4.994144e-01 4.748491e-01 
1.199975e+01 7.189113e-01 4.993777e-01 5.709947e-01 
1.400005e+01 7.672090e-01 4.993197e-01 6.660349e-01 
1.600520e+01 8.157326e-01 4.998813e-01 7.603423e-01 
1.800100e+01 8.666880e-01 5.009957e-01 8.532015e-01 
1.999725e+01 9.235555e-01 1.667153e-01 9.450362e-01 
2.999750e+01 1.128538e+00 9.994353e-02 1.388579e+00 
4.000855e+01 1.335505e+00 9.999000e-02 1.804521e+00 
4.999950e+01 1.572889e+00 1.000063e-01 2.192401e+00 
6.000730e+01 1.801587e+00 1.000263e-01 2.555315e+00 
6.999425e+01 2.039038e+00 1.000350e-01 2.893823e+00 
8.000030e+01 2.300348e+00 9.991532e-02 3.211218e+00 
9.001120e+01 2.534975e+00 1.000275e-01 3.508807e+00 
9.999480e+01 2.842330e+00 1.000786e-01 3.787397e+00 
1.099955e+02 3.105288e+00 9.997401e-02 4.049797e+00 
1.200000e+02 3.369707e+00 9.997501e-02 4.297005e+00 
1.300005e+02 3.636126e+00 1.000075e-01 4.530091e+00 
1.399985e+02 3.903313e+00 1.000275e-01 4.750236e+00 
1.499950e+02 4.170661e+00 9.998250e-02 4.958490e+00 
1.600020e+02 4.430351e+00 1.000125e-01 5.156008e+00 
1.699925e+02 4.686676e+00 1.000150e-01 5.343096e+00 
1.799990e+02 4.933555e+00 9.997751e-02 5.521112e+00 
1.899970e+02 5.174619e+00 9.999500e-02 5.690289e+00 
2.000000e+02 5.422857e+00 3.333083e-02 5.851475e+00 
2.500015e+02 6.282383e+00 2.000030e-02 6.554011e+00 
2.999985e+02 6.978753e+00 1.999960e-02 7.120761e+00 
3.500035e+02 7.542101e+00 2.000000e-02 7.587461e+00 
3.999985e+02 8.005429e+00 2.000080e-02 7.978121e+00 
4.499995e+02 8.374767e+00 1.999880e-02 8.309866e+00 
5.000045e+02 8.681069e+00 2.000010e-02 8.594954e+00 
5.499990e+02 8.938513e+00 2.000190e-02 8.842422e+00 
5.999950e+02 9.159376e+00 1.999910e-02 9.059235e+00 
6.500035e+02 9.352570e+00 1.999870e-02 9.250742e+00 
7.000015e+02 9.520083e+00 2.000060e-02 9.421018e+00 
7.500005e+02 9.662659e+00 2.000050e-02 9.573414e+00 
7.999990e+02 9.796530e+00 2.000010e-02 9.710581e+00 
8.500000e+02 9.916616e+00 2.000200e-02 9.834687e+00 
8.999890e+02 1.002725e+01 1.999990e-02 9.947474e+00 
9.500005e+02 1.013081e+01 1.999810e-02 1.005049e+01 
9.999985e+02 1.023034e+01 1.904772e-03 1.014487e+01 
1.999995e+03 1.110173e+01 9.999643e-04 1.113441e+01 
3.000070e+03 1.151596e+01 9.999950e-04 1.151880e+01 
4.000005e+03 1.176653e+01 1.000030e-03 1.173613e+01 
5.000010e+03 1.193734e+01 9.999975e-04 1.188467e+01 
6.000010e+03 1.202353e+01 1.000000e-03 1.199839e+01 
7.000010e+03 1.213926e+01 1.000005e-03 1.209211e+01 
8.000000e+03 1.221631e+01 1.000008e-03 1.217328e+01 
8.999995e+03 1.228331e+01 1.000000e-03 1.224607e+01 
1.000000e+04 1.232340e+01 9.999975e-04 1.231299e+01 
1.100000e+04 1.235163e+01 1.000000e-03 1.237564e+01 
1.200000e+04 1.240970e+01 1.000000e-03 1.243508e+01 
1.300000e+04 1.247587e+01 1.000000e-03 1.249205e+01 
1.400000e+04 1.253295e+01 1.000000e-03 1.254709e+01 
1.500000e+04 1.258588e+01 1.000000e-03 1.260057e+01 
1.600000e+04 1.263535e+01 1.000000e-03 1.265279e+01 
1.700000e+04 1.267137e+01 1.000025e-03 1.270398e+01 
1.799995e+04 1.270799e+01 1.000100e-03 1.275429e+01 
1.899980e+04 1.276030e+01 1.000150e-03 1.280388e+01 
