script internal name (ver:210707): multilognorlanglmfit
data-filename:8A
this-filename:fits/8A.fit.01
[[Definition parameters]]
ndist: 1
weight: sep
[[status]]
Fit succeeded.
[[Fit Statistics]]
    # fitting method   = leastsq
    # function evals   = 2476
    # data points      = 125
    # variables        = 5
    chi-square         = 175796.629
    reduced chi-square = 1464.97191
    Akaike info crit   = 916.096169
    Bayesian info crit = 930.237738
[[Variables]]
    N0:    3.4236e+19 +/- 4.3430e+19 (126.86%) (init = 1.284664e+17)
    mu0:  -0.17239093 +/- 2.03458985 (1180.22%) (init = 7.65)
    sig0:  2.90549751 +/- 0.29299257 (10.08%) (init = 1.596)
    C:    -4.5301e-05 +/- 1.4492e-05 (31.99%) (init = 0.0002874572)
    T:     300 (fixed)
    dc:    0.03243470 +/- 0.00632393 (19.50%) (init = 0.01366011)
[[Correlations]] (unreported correlations are < 0.100)
    C(N0, mu0)   = -0.9997
    C(mu0, sig0) = -0.9997
    C(N0, sig0)  = +0.9988
    C(N0, C)     = -0.9633
    C(mu0, C)    = +0.9571
    C(sig0, C)   = -0.9502
[[Derived Parameters]]
    mean-mu      = 57.3+/-126.4 mb
    stddev       = 3903+/-10354 mb
    <mu>_mu      = 265796+/-867886 mb
    sum squares  = 1.153239e+02
    m_s          = (1.820+/-4.630)e+01 (units)
[[data]]
-1.900000e+04 -1.279498e+01 1.000000e-03 -1.284942e+01 
-1.800000e+04 -1.276124e+01 1.000000e-03 -1.279907e+01 
-1.700000e+04 -1.272072e+01 1.000000e-03 -1.274207e+01 
-1.600000e+04 -1.267924e+01 1.000000e-03 -1.267754e+01 
-1.500000e+04 -1.262896e+01 1.000000e-03 -1.260446e+01 
-1.400000e+04 -1.250148e+01 1.000000e-03 -1.252155e+01 
-1.300000e+04 -1.241606e+01 1.000000e-03 -1.242729e+01 
-1.200000e+04 -1.232830e+01 1.000000e-03 -1.231975e+01 
-1.100000e+04 -1.221252e+01 9.999950e-04 -1.219650e+01 
-9.999990e+03 -1.208747e+01 1.000000e-03 -1.205440e+01 
-9.000000e+03 -1.189591e+01 1.000000e-03 -1.188932e+01 
-7.999990e+03 -1.170924e+01 1.000003e-03 -1.169562e+01 
-7.000005e+03 -1.144405e+01 1.000008e-03 -1.146542e+01 
-6.000005e+03 -1.116570e+01 9.999950e-04 -1.118716e+01 
-4.999995e+03 -1.078781e+01 1.000008e-03 -1.084300e+01 
-4.000020e+03 -1.039816e+01 1.000018e-03 -1.040325e+01 
-3.000030e+03 -9.871856e+00 9.999925e-04 -9.812936e+00 
-2.000005e+03 -9.028618e+00 9.999858e-04 -8.951694e+00 
-1.000002e+03 -7.592791e+00 1.904744e-03 -7.456293e+00 
-9.499950e+02 -7.382318e+00 1.999960e-02 -7.346546e+00 
-8.999995e+02 -7.206038e+00 2.000180e-02 -7.231223e+00 
-8.500040e+02 -7.028486e+00 2.000070e-02 -7.109722e+00 
-8.000030e+02 -6.839324e+00 1.999940e-02 -6.981353e+00 
-7.500010e+02 -6.603628e+00 2.000030e-02 -6.845330e+00 
-7.000045e+02 -6.350959e+00 1.999980e-02 -6.700729e+00 
-6.500000e+02 -6.071171e+00 1.999960e-02 -6.546375e+00 
-6.000025e+02 -5.773502e+00 2.000000e-02 -6.380935e+00 
-5.500000e+02 -5.440433e+00 1.999870e-02 -6.202667e+00 
-4.999960e+02 -5.075658e+00 1.999970e-02 -6.009442e+00 
-4.499985e+02 -4.665614e+00 2.000100e-02 -5.798555e+00 
-4.000010e+02 -4.236538e+00 1.999960e-02 -5.566387e+00 
-3.499965e+02 -3.772280e+00 1.999990e-02 -5.308044e+00 
-3.000005e+02 -3.349922e+00 1.999990e-02 -5.016793e+00 
-2.499960e+02 -2.935086e+00 1.999740e-02 -4.682503e+00 
-1.999875e+02 -2.509503e+00 3.333361e-02 -4.289433e+00 
-1.899965e+02 -2.403906e+00 1.000500e-01 -4.201790e+00 
-1.799975e+02 -2.309281e+00 1.000200e-01 -4.110421e+00 
-1.700005e+02 -2.226866e+00 1.000100e-01 -4.015074e+00 
-1.599995e+02 -2.140418e+00 9.998500e-02 -3.915297e+00 
-1.499975e+02 -2.065464e+00 9.999250e-02 -3.810659e+00 
-1.399980e+02 -1.984988e+00 1.000300e-01 -3.700661e+00 
-1.300035e+02 -1.902775e+00 1.000050e-01 -3.584697e+00 
-1.199990e+02 -1.823733e+00 9.998250e-02 -3.461824e+00 
-1.100000e+02 -1.745590e+00 1.000325e-01 -3.331294e+00 
-1.000055e+02 -1.668603e+00 1.000095e-01 -3.191956e+00 
-9.000190e+01 -1.597042e+00 9.993729e-02 -3.042160e+00 
-7.999295e+01 -1.525352e+00 1.000110e-01 -2.880066e+00 
-7.000410e+01 -1.435855e+00 1.000165e-01 -2.703640e+00 
-5.999625e+01 -1.366866e+00 1.000145e-01 -2.508796e+00 
-5.000700e+01 -1.294776e+00 9.999625e-02 -2.291409e+00 
-3.999550e+01 -1.216355e+00 9.996751e-02 -2.043172e+00 
-3.000050e+01 -1.121642e+00 1.000520e-01 -1.752768e+00 
-2.000590e+01 -9.666742e-01 1.665751e-01 -1.396652e+00 
-1.799390e+01 -9.048841e-01 4.989211e-01 -1.313227e+00 
-1.599725e+01 -8.532418e-01 5.010208e-01 -1.225160e+00 
-1.400205e+01 -8.049007e-01 5.012908e-01 -1.130966e+00 
-1.200755e+01 -7.577949e-01 4.990499e-01 -1.029372e+00 
-9.994435e+00 -7.142242e-01 4.987550e-01 -9.175232e-01 
-7.997565e+00 -6.329241e-01 5.010541e-01 -7.947530e-01 
-6.002850e+00 -5.619881e-01 5.003934e-01 -6.562615e-01 
-4.000710e+00 -4.874183e-01 4.994581e-01 -4.939247e-01 
-1.998510e+00 -2.857162e-01 4.991836e-01 -2.915005e-01 
5.831997e-03 5.125682e-03 5.000181e-01 3.445222e-02 
2.001345e+00 2.798193e-01 5.004219e-01 3.567017e-01 
4.002460e+00 4.922641e-01 5.007248e-01 5.589498e-01 
5.995555e+00 5.551071e-01 5.002239e-01 7.205879e-01 
8.000670e+00 6.198141e-01 4.993427e-01 8.598242e-01 
1.000082e+01 7.055078e-01 5.005093e-01 9.827646e-01 
1.199660e+01 7.473738e-01 4.995903e-01 1.093660e+00 
1.400410e+01 7.921468e-01 4.999688e-01 1.195936e+00 
1.599685e+01 8.407626e-01 5.007699e-01 1.290011e+00 
1.799795e+01 8.912191e-01 4.997876e-01 1.378270e+00 
1.999855e+01 9.626471e-01 1.665640e-01 1.461226e+00 
3.000535e+01 1.072221e+00 9.996551e-02 1.817791e+00 
4.000545e+01 1.185022e+00 1.000002e-01 2.108306e+00 
5.000530e+01 1.278654e+00 1.000118e-01 2.356239e+00 
6.000310e+01 1.357980e+00 1.000218e-01 2.573806e+00 
7.000095e+01 1.434491e+00 1.000318e-01 2.768451e+00 
7.999675e+01 1.522632e+00 9.999975e-02 2.945000e+00 
9.000100e+01 1.599398e+00 9.997126e-02 3.107015e+00 
1.000025e+02 1.677724e+00 1.000125e-01 3.256782e+00 
1.099985e+02 1.752417e+00 1.000200e-01 3.396143e+00 
1.199985e+02 1.838013e+00 9.998500e-02 3.526687e+00 
1.300015e+02 1.913668e+00 1.000075e-01 3.649542e+00 
1.399970e+02 1.995234e+00 1.000000e-01 3.765519e+00 
1.500015e+02 2.078059e+00 9.998250e-02 3.875572e+00 
1.600005e+02 2.159750e+00 9.998250e-02 3.980177e+00 
1.700050e+02 2.251750e+00 1.000225e-01 4.079987e+00 
1.799960e+02 2.337651e+00 1.000500e-01 4.175276e+00 
1.899950e+02 2.432176e+00 9.995752e-02 4.266646e+00 
2.000045e+02 2.545631e+00 3.332833e-02 4.354449e+00 
2.500040e+02 2.953239e+00 2.000110e-02 4.747430e+00 
2.999990e+02 3.350525e+00 2.000190e-02 5.081653e+00 
3.499945e+02 3.774284e+00 1.999940e-02 5.372903e+00 
4.000020e+02 4.253332e+00 1.999860e-02 5.631262e+00 
4.500015e+02 4.691651e+00 2.000170e-02 5.863437e+00 
4.999935e+02 5.131333e+00 2.000100e-02 6.074301e+00 
5.499965e+02 5.503483e+00 1.999910e-02 6.267523e+00 
5.999980e+02 5.844171e+00 1.999880e-02 6.445789e+00 
6.500025e+02 6.125670e+00 1.999930e-02 6.611253e+00 
7.000015e+02 6.388137e+00 2.000070e-02 6.765590e+00 
7.499990e+02 6.657370e+00 2.000040e-02 6.910194e+00 
7.999995e+02 6.876970e+00 1.999890e-02 7.046213e+00 
8.500045e+02 7.061289e+00 1.999980e-02 7.174593e+00 
9.000005e+02 7.228719e+00 2.000050e-02 7.296095e+00 
9.500020e+02 7.397433e+00 2.000100e-02 7.411431e+00 
9.999955e+02 7.591883e+00 1.904756e-03 7.521150e+00 
2.000005e+03 9.111519e+00 9.999978e-04 9.016564e+00 
3.000000e+03 9.843667e+00 9.999975e-04 9.877784e+00 
4.000010e+03 1.036593e+01 9.999925e-04 1.046811e+01 
5.000015e+03 1.078924e+01 1.000010e-03 1.090787e+01 
5.999990e+03 1.113131e+01 1.000003e-03 1.125202e+01 
7.000010e+03 1.150793e+01 1.000000e-03 1.153029e+01 
7.999990e+03 1.180864e+01 1.000003e-03 1.176049e+01 
9.000005e+03 1.200920e+01 9.999950e-04 1.195419e+01 
1.000000e+04 1.217425e+01 1.000003e-03 1.211928e+01 
1.100000e+04 1.231125e+01 1.000000e-03 1.226137e+01 
1.200000e+04 1.242145e+01 1.000000e-03 1.238462e+01 
1.300000e+04 1.251723e+01 1.000000e-03 1.249216e+01 
1.400000e+04 1.259483e+01 1.000000e-03 1.258642e+01 
1.500000e+04 1.269897e+01 1.000000e-03 1.266932e+01 
1.600000e+04 1.277031e+01 1.000025e-03 1.274241e+01 
1.699995e+04 1.281354e+01 1.000025e-03 1.280694e+01 
1.799995e+04 1.285733e+01 1.000000e-03 1.286394e+01 
1.899995e+04 1.289278e+01 1.000000e-03 1.291428e+01 
