script internal name (ver:210707): multilognorlanglmfit
data-filename:8A
this-filename:fits/8A.fit.00
[[Definition parameters]]
ndist: 1
weight: sep
[[status]]
Fit succeeded.
[[Fit Statistics]]
    # fitting method   = leastsq
    # function evals   = 2451
    # data points      = 125
    # variables        = 5
    chi-square         = 432.487836
    reduced chi-square = 3.60406530
    Akaike info crit   = 165.155058
    Bayesian info crit = 179.296627
[[Variables]]
    N0:    1.6981e+18 +/- 2.1540e+18 (126.85%) (init = 6.371932e+15)
    mu0:  -0.17238725 +/- 2.03451211 (1180.20%) (init = 7.65)
    sig0:  2.90549709 +/- 0.29298164 (10.08%) (init = 1.596)
    C:    -2.2469e-06 +/- 7.1878e-07 (31.99%) (init = 1.425788e-05)
    T:     300 (fixed)
    dc:    0.00160876 +/- 3.1367e-04 (19.50%) (init = 0.0006775414)
[[Correlations]] (unreported correlations are < 0.100)
    C(N0, mu0)   = -0.9997
    C(mu0, sig0) = -0.9997
    C(N0, sig0)  = +0.9988
    C(N0, C)     = -0.9633
    C(mu0, C)    = +0.9571
    C(sig0, C)   = -0.9502
[[Derived Parameters]]
    mean-mu      = 57.3+/-126.4 mb
    stddev       = 3903+/-10354 mb
    <mu>_mu      = 265796+/-867854 mb
    sum squares  = 2.837153e-01
    m_s          = (0.903+/-2.296)e+00 (units)
[[data]]
-1.900000e+04 -6.346310e-01 1.000000e-03 -6.373310e-01 
-1.800000e+04 -6.329577e-01 1.000000e-03 -6.348341e-01 
-1.700000e+04 -6.309476e-01 1.000000e-03 -6.320067e-01 
-1.600000e+04 -6.288901e-01 1.000000e-03 -6.288062e-01 
-1.500000e+04 -6.263962e-01 1.000000e-03 -6.251810e-01 
-1.400000e+04 -6.200736e-01 1.000000e-03 -6.210689e-01 
-1.300000e+04 -6.158367e-01 1.000000e-03 -6.163936e-01 
-1.200000e+04 -6.114839e-01 1.000000e-03 -6.110596e-01 
-1.100000e+04 -6.057409e-01 9.999950e-04 -6.049465e-01 
-9.999990e+03 -5.995383e-01 1.000000e-03 -5.978985e-01 
-9.000000e+03 -5.900373e-01 1.000000e-03 -5.897103e-01 
-7.999990e+03 -5.807782e-01 1.000003e-03 -5.801026e-01 
-7.000005e+03 -5.676250e-01 1.000008e-03 -5.686846e-01 
-6.000005e+03 -5.538185e-01 9.999950e-04 -5.548831e-01 
-4.999995e+03 -5.350756e-01 1.000008e-03 -5.378126e-01 
-4.000020e+03 -5.157489e-01 1.000018e-03 -5.160011e-01 
-3.000030e+03 -4.896441e-01 9.999925e-04 -4.867216e-01 
-2.000005e+03 -4.478195e-01 9.999858e-04 -4.440041e-01 
-1.000002e+03 -3.766024e-01 1.904744e-03 -3.698322e-01 
-9.499950e+02 -3.661630e-01 1.999960e-02 -3.643887e-01 
-8.999995e+02 -3.574195e-01 2.000180e-02 -3.586687e-01 
-8.500040e+02 -3.486129e-01 2.000070e-02 -3.526422e-01 
-8.000030e+02 -3.392305e-01 1.999940e-02 -3.462751e-01 
-7.500010e+02 -3.275400e-01 2.000030e-02 -3.395284e-01 
-7.000045e+02 -3.150076e-01 1.999980e-02 -3.323562e-01 
-6.500000e+02 -3.011301e-01 1.999960e-02 -3.247002e-01 
-6.000025e+02 -2.863657e-01 2.000000e-02 -3.164944e-01 
-5.500000e+02 -2.698455e-01 1.999870e-02 -3.076523e-01 
-4.999960e+02 -2.517526e-01 1.999970e-02 -2.980683e-01 
-4.499985e+02 -2.314145e-01 2.000100e-02 -2.876083e-01 
-4.000010e+02 -2.101323e-01 1.999960e-02 -2.760928e-01 
-3.499965e+02 -1.871051e-01 1.999990e-02 -2.632790e-01 
-3.000005e+02 -1.661561e-01 1.999990e-02 -2.488329e-01 
-2.499960e+02 -1.455802e-01 1.999740e-02 -2.322521e-01 
-1.999875e+02 -1.244713e-01 3.333361e-02 -2.127559e-01 
-1.899965e+02 -1.192338e-01 1.000500e-01 -2.084088e-01 
-1.799975e+02 -1.145403e-01 1.000200e-01 -2.038769e-01 
-1.700005e+02 -1.104525e-01 1.000100e-01 -1.991477e-01 
-1.599995e+02 -1.061647e-01 9.998500e-02 -1.941988e-01 
-1.499975e+02 -1.024470e-01 9.999250e-02 -1.890087e-01 
-1.399980e+02 -9.845540e-02 1.000300e-01 -1.835528e-01 
-1.300035e+02 -9.437765e-02 1.000050e-01 -1.778010e-01 
-1.199990e+02 -9.045717e-02 9.998250e-02 -1.717065e-01 
-1.100000e+02 -8.658124e-02 1.000325e-01 -1.652322e-01 
-1.000055e+02 -8.276270e-02 1.000095e-01 -1.583210e-01 
-9.000190e+01 -7.921329e-02 9.993729e-02 -1.508911e-01 
-7.999295e+01 -7.565748e-02 1.000110e-01 -1.428513e-01 
-7.000410e+01 -7.121839e-02 1.000165e-01 -1.341006e-01 
-5.999625e+01 -6.779654e-02 1.000145e-01 -1.244363e-01 
-5.000700e+01 -6.422090e-02 9.999625e-02 -1.136539e-01 
-3.999550e+01 -6.033120e-02 9.996751e-02 -1.013413e-01 
-3.000050e+01 -5.563346e-02 1.000520e-01 -8.693729e-02 
-2.000590e+01 -4.794704e-02 1.665751e-01 -6.927395e-02 
-1.799390e+01 -4.488225e-02 4.989211e-01 -6.513608e-02 
-1.599725e+01 -4.232079e-02 5.010208e-01 -6.076793e-02 
-1.400205e+01 -3.992307e-02 5.012908e-01 -5.609591e-02 
-1.200755e+01 -3.758663e-02 4.990499e-01 -5.105684e-02 
-9.994435e+00 -3.542552e-02 4.987550e-01 -4.550915e-02 
-7.997565e+00 -3.139303e-02 5.010541e-01 -3.941975e-02 
-6.002850e+00 -2.787461e-02 5.003934e-01 -3.255057e-02 
-4.000710e+00 -2.417595e-02 4.994581e-01 -2.449867e-02 
-1.998510e+00 -1.417152e-02 4.991836e-01 -1.445843e-02 
5.831997e-03 2.542338e-04 5.000181e-01 1.708830e-03 
2.001345e+00 1.387904e-02 5.004219e-01 1.769240e-02 
4.002460e+00 2.441630e-02 5.007248e-01 2.772391e-02 
5.995555e+00 2.753331e-02 5.002239e-01 3.574116e-02 
8.000670e+00 3.074278e-02 4.993427e-01 4.264729e-02 
1.000082e+01 3.499319e-02 5.005093e-01 4.874513e-02 
1.199660e+01 3.706974e-02 4.995903e-01 5.424554e-02 
1.400410e+01 3.929048e-02 4.999688e-01 5.931841e-02 
1.599685e+01 4.170183e-02 5.007699e-01 6.398455e-02 
1.799795e+01 4.420447e-02 4.997876e-01 6.836219e-02 
1.999855e+01 4.774730e-02 1.665640e-01 7.247679e-02 
3.000535e+01 5.318218e-02 9.996551e-02 9.016246e-02 
4.000545e+01 5.877709e-02 1.000002e-01 1.045720e-01 
5.000530e+01 6.342126e-02 1.000118e-01 1.168695e-01 
6.000310e+01 6.735583e-02 1.000218e-01 1.276608e-01 
7.000095e+01 7.115076e-02 1.000318e-01 1.373152e-01 
7.999675e+01 7.552255e-02 9.999975e-02 1.460720e-01 
9.000100e+01 7.933014e-02 9.997126e-02 1.541080e-01 
1.000025e+02 8.321510e-02 1.000125e-01 1.615364e-01 
1.099985e+02 8.691990e-02 1.000200e-01 1.684487e-01 
1.199985e+02 9.116546e-02 9.998500e-02 1.749237e-01 
1.300015e+02 9.491792e-02 1.000075e-01 1.810173e-01 
1.399970e+02 9.896361e-02 1.000000e-01 1.867697e-01 
1.500015e+02 1.030717e-01 9.998250e-02 1.922284e-01 
1.600005e+02 1.071236e-01 9.998250e-02 1.974168e-01 
1.700050e+02 1.116868e-01 1.000225e-01 2.023674e-01 
1.799960e+02 1.159475e-01 1.000500e-01 2.070937e-01 
1.899950e+02 1.206359e-01 9.995752e-02 2.116256e-01 
2.000045e+02 1.262633e-01 3.332833e-02 2.159807e-01 
2.500040e+02 1.464806e-01 2.000110e-02 2.354725e-01 
2.999990e+02 1.661861e-01 2.000190e-02 2.520500e-01 
3.499945e+02 1.872045e-01 1.999940e-02 2.664960e-01 
4.000020e+02 2.109653e-01 1.999860e-02 2.793106e-01 
4.500015e+02 2.327059e-01 2.000170e-02 2.908265e-01 
4.999935e+02 2.545141e-01 2.000100e-02 3.012854e-01 
5.499965e+02 2.729728e-01 1.999910e-02 3.108692e-01 
5.999980e+02 2.898709e-01 1.999880e-02 3.197112e-01 
6.500025e+02 3.038332e-01 1.999930e-02 3.279182e-01 
7.000015e+02 3.168516e-01 2.000070e-02 3.355733e-01 
7.499990e+02 3.302055e-01 2.000040e-02 3.427457e-01 
7.999995e+02 3.410977e-01 1.999890e-02 3.494922e-01 
8.500045e+02 3.502399e-01 1.999980e-02 3.558598e-01 
9.000005e+02 3.585444e-01 2.000050e-02 3.618863e-01 
9.500020e+02 3.669127e-01 2.000100e-02 3.676070e-01 
9.999955e+02 3.765574e-01 1.904756e-03 3.730490e-01 
2.000005e+03 4.519313e-01 9.999978e-04 4.472216e-01 
3.000000e+03 4.882459e-01 9.999975e-04 4.899381e-01 
4.000010e+03 5.141502e-01 9.999925e-04 5.192184e-01 
5.000015e+03 5.351462e-01 1.000010e-03 5.410305e-01 
5.999990e+03 5.521128e-01 1.000003e-03 5.581004e-01 
7.000010e+03 5.707933e-01 1.000000e-03 5.719022e-01 
7.999990e+03 5.857085e-01 1.000003e-03 5.833201e-01 
9.000005e+03 5.956563e-01 9.999950e-04 5.929278e-01 
1.000000e+04 6.038427e-01 1.000003e-03 6.011161e-01 
1.100000e+04 6.106381e-01 1.000000e-03 6.081640e-01 
1.200000e+04 6.161038e-01 1.000000e-03 6.142771e-01 
1.300000e+04 6.208548e-01 1.000000e-03 6.196111e-01 
1.400000e+04 6.247036e-01 1.000000e-03 6.242865e-01 
1.500000e+04 6.298690e-01 1.000000e-03 6.283985e-01 
1.600000e+04 6.334073e-01 1.000025e-03 6.320237e-01 
1.699995e+04 6.355514e-01 1.000025e-03 6.352241e-01 
1.799995e+04 6.377238e-01 1.000000e-03 6.380515e-01 
1.899995e+04 6.394818e-01 1.000000e-03 6.405484e-01 
